1.3262284 0.029328547 11.619517
0.4318662 -0.040199824 12.343979
-0.03040654 0.02282618 9.796915
-0.034841545 0.050782267 9.802945
-0.010453081 0.054416504 9.803561
-0.04532374 -0.029191496 9.799285
-0.007054329 -0.03355054 9.796807
-0.02438312 0.013325363 9.799568
-0.06798254 0.009279137 9.801006
-0.020697957 0.0061601144 9.805759
-0.027133992 -0.0038244696 9.799903
-0.030327626 -0.0021842096 9.799096
-0.025274958 0.0239894 9.804966
-0.038261205 -0.011197304 9.798991
-0.0267166 0.01594759 9.8004055
-0.036955934 -0.008119907 9.799135
-0.035410013 -0.08448715 9.813656
-0.007004259 0.09455258 9.788839
-0.039681092 0.010198052 9.800055
-0.01933835 0.005616575 9.799946
-0.016917977 0.020654168 9.799951
-0.028917499 -0.026281241 9.8000965
-0.027138086 -0.010481733 9.799062
-0.028050054 0.014572725 9.799332
-0.018528726 -0.0034540598 9.8016205
-0.030866629 0.021714468 9.799994
-0.022582479 -0.02854786 9.799029
-0.023850065 0.0062057725 9.801118
-0.032040317 0.047411643 9.799079
0.010686792 -0.042980038 9.804237
-0.06267437 -0.015251958 9.796822
-0.009943845 -0.0010501938 9.797666
-0.027495649 -0.017025547 9.795744
-0.06103375 0.021779245 9.803583
-0.04945253 -0.03515852 9.798157
-0.012797711 0.039822716 9.799672
-0.022275653 -0.018009797 9.800905
-0.037122916 0.013299639 9.7987585
-0.026164278 0.015743311 9.80097
-0.035721257 -0.024032822 9.799312
-0.015881749 -0.024530996 9.799565
0.021323523 -0.05024338 9.81373
-0.031049673 0.043555304 9.7884245
-0.023309164 0.010919834 9.799038
-0.034501612 -0.041894745 9.798826
-0.025971655 0.031509854 9.802016
-0.021238476 0.0027683862 9.796534
-0.039353684 0.018136378 9.801243
-0.029749788 -0.030186357 9.801609
-0.020325642 -0.0108114835 9.798192
-0.029372983 -0.015920632 9.804175
-0.029201668 -0.031480215 9.79824
-0.9829281 0.027190097 9.797018
0.87670875 -0.0034351654 9.801911
-0.036366876 -0.01742361 9.800764
-0.021280317 0.05358749 9.803598
-0.025881305 0.0076410132 9.798134
0.0031808522 0.014568111 9.809606
0.011865969 0.0011039585 9.787799
-0.060315117 -0.0056106355 9.797957
-0.023929069 -0.0024765998 9.801527
-0.029717237 -0.003893917 9.8004
-0.018378831 -0.0020767893 9.802473
-0.03468948 0.0067581055 9.799174
-0.021911535 -0.019549392 9.797214
-0.031473886 -0.0009472381 9.796512
-0.027343074 -0.011183982 9.8015785
-0.038206458 0.033707943 9.800088
-0.0030958783 -0.013467608 9.793595
-0.053029932 -0.0019787932 9.807912
-0.101875104 -0.006186569 9.794722
-0.022602443 -0.010795207 9.800185
0.10451618 -0.004610603 9.800494
-0.020725958 0.07600972 9.80253
-0.0296297 -0.077628724 9.795224
-0.026288962 -0.000511137 9.80179
-0.030578472 -0.01852623 9.798364
-0.028462674 0.027260961 9.795913
-0.58851165 -0.01744654 9.800827
-0.37626916 -0.018409058 9.810108
-0.0131924115 0.032928165 9.795976
0.16822961 0.078001305 9.802643
0.66122246 -0.09654158 9.80235
-0.029154707 0.008171017 9.801879
-0.026726488 -0.022576105 9.799026
-0.015627991 0.027383579 9.79873
-0.014500588 0.02799405 9.799815
-0.052819937 0.02189074 9.801937
-0.04246482 0.013208055 9.798409
0.0003250427 0.030628975 9.798232
0.016713291 -0.015864464 9.797504
-0.045663945 0.058550384 9.799904
-0.05032926 -0.013572153 9.802862
-0.023239091 0.05714527 9.792904
-0.0358912 -0.07304638 9.805476
-0.14134482 -0.016716642 9.80001
0.085408136 0.03362151 9.801926
-0.03224366 -0.0279286 9.79696
-0.008169584 -0.030584382 9.807123
-0.049465522 -0.021664271 9.803472
-0.014323577 0.06022769 9.797384
-0.026580755 0.03134003 9.799359
-0.018400725 -0.03481087 9.786194
-0.038735453 0.012144958 9.812288
-0.024508273 0.015631469 9.801301
-0.030004937 -0.007936 9.799264
-0.027491419 -0.006100826 9.799326
-0.022321045 0.0143253645 9.799763
-0.025766674 -0.015527025 9.80225
-0.05782336 0.094382115 9.811682
-0.09882609 -0.083438575 9.787454
-0.003540637 -0.013688638 9.808013
-0.0013845973 0.025768789 9.794278
-0.01739191 -0.008056721 9.804213
-0.07569541 -0.010479515 9.797604
-0.095165186 -0.02296675 9.801625
0.039905094 0.0008078226 9.797387
-0.02139552 0.04436474 9.797179
-0.026549418 -0.08660476 9.799672
-0.027103122 0.072634935 9.803117
-0.18068233 -0.031933814 9.800879
0.10195666 -0.006365509 9.809615
-0.036361136 0.013171756 9.78833
-0.015978279 -0.0016598785 9.8027115
-0.16486777 -0.013369648 9.79356
0.00431196 0.04070237 9.804275
-0.070531614 -0.02104174 9.796926
-0.85503113 -0.026796639 9.802142
0.018620279 -0.001995174 9.799214
0.01797026 -0.014476775 9.800155
-0.046276957 0.040024843 9.795779
0.68889326 0.0005971436 9.808723
0.16001171 -0.0063088364 9.8010845
-0.02307621 0.03736651 9.802538
-0.032697856 -0.041283585 9.796876
-0.023624275 0.021483002 9.805733
-0.026957132 -0.0114814155 9.798371
-0.029754153 -0.039689653 9.800239
-0.06214834 -0.04403647 9.79612
-0.012154556 -0.0030729421 9.803334
-0.01171678 -0.006035535 9.799729
0.002083594 0.007430192 9.799968
-0.023283198 0.038157307 9.799039
-0.02670687 -0.008816148 9.806939
-0.028106079 0.0092767095 9.797161
-0.03908478 -0.028702816 9.801548
-0.012762593 0.054529633 9.794007
-0.0310533 0.046709288 9.797362
-0.029326137 -0.0002431433 9.7998905
-0.02977261 -0.03426785 9.801419
-0.02403482 0.016205521 9.79765
-0.03095501 0.007787025 9.79994
-0.027424842 -0.02897328 9.797748
-0.020458657 0.021899534 9.8022175
-0.040410385 0.039968006 9.796283
0.020980665 -0.057521965 9.802008
-0.033541255 -0.034596745 9.798994
-0.022405766 0.018520936 9.804123
-0.03483087 0.0037878025 9.805502
-0.026664777 0.012565877 9.794026
-0.02628527 0.021256618 9.796657
-0.031482942 -0.031386778 9.803806
-0.029612483 -0.017340744 9.797852
-0.024253184 -0.027671458 9.8005905
-0.033152074 0.0030653467 9.798556
-0.026795438 0.03003702 9.800486
-0.026887286 0.032775886 9.799783
-0.029141365 -0.021618448 9.805812
-0.029135477 -0.0054481197 9.799118
-0.029140439 -0.0220416 9.798227
-0.026677271 0.037802227 9.798295
-0.026854966 -0.008197352 9.800579
0.0020753127 -0.0017688461 9.798509
-0.02919129 0.000213777 9.800056
-0.030058498 0.002725643 9.799316
-0.027476197 -0.022275396 9.792721
-0.02907603 -0.0049297996 9.803956
-0.037188828 0.03623571 9.785106
0.0046562273 -0.009227999 9.812323
-0.1661096 0.043062307 9.797906
0.13338414 -0.01711638 9.806659
-0.027719896 0.021216994 9.791184
-0.010905018 -0.008778708 9.80247
-0.018708613 0.010489264 9.798989
-0.0038513318 -0.010585859 9.804022
-0.009729916 0.03134505 9.803078
-0.02575701 0.028691785 9.797645
-0.041055057 -0.011280924 9.795086
-0.034763377 0.03208642 9.820825
-0.024039922 -0.013889717 9.785139
-0.032957617 -0.015734766 9.801046
-0.11372039 -0.019561706 9.80026
0.05753184 0.034344994 9.798124
-0.032011088 -0.017627846 9.801231
-0.02874621 0.015739467 9.798036
-0.025976945 0.0061640325 9.799834
-0.030565672 -0.017194236 9.795062
-0.026668463 -0.026090544 9.802839
-0.13708143 0.043193374 9.801611
-0.025576357 -0.027999427 9.805933
-0.030421194 -0.024057776 9.797882
-0.03964033 -0.039963767 9.81058
-0.036204867 0.045231745 9.794297
-0.041759357 0.043777473 9.800175
-0.03629606 0.027733065 9.796255
-0.11751572 0.008090003 9.799854
0.005795639 0.02326061 9.80177
-0.055018455 -0.071988665 9.791704
-0.015707608 0.0161115 9.803241
0.0022049975 -0.0056459745 9.801116
-0.028051544 0.011696665 9.7963085
-0.03172324 -0.026343213 9.805707
-0.033714205 -0.022452028 9.799339
-0.02397589 -0.009579066 9.795201
-0.23809668 -0.0145105515 9.805991
-0.046651118 0.019511217 9.80013
-0.82938915 -0.018726893 9.79662
-0.00917935 -0.009860635 9.799735
0.004943136 0.0055886754 9.800638
-0.008724537 0.038398474 9.802852
-0.06635718 -0.0048898878 9.797839
-0.13054043 -0.0047411174 9.798754
0.13756502 -0.04717933 9.800826
0.82505184 -0.012982441 9.803074
-0.028575066 0.055282045 9.800291
-0.02081658 -0.009601986 9.80244
-0.023844212 -0.02660313 9.800391
-0.029301167 -0.004298513 9.797019
-0.025886647 0.009600229 9.800998
-0.04255469 -0.017884722 9.80278
-0.032025144 0.026034307 9.797129
-0.0031247847 -0.015099615 9.799932
-0.010736262 0.022685438 9.802056
-0.02638899 -0.112712435 9.797683
-0.026327573 0.010262127 9.792403
-0.03372694 0.012517454 9.811242
-0.020174693 -0.11271411 9.793382
-0.032027308 0.19387974 9.801656
-0.031870052 -0.09508326 9.812143
-0.024119515 -0.011526719 9.786934
-0.061380483 0.05315309 9.792143
-0.0023812205 -0.013080786 9.800678
-0.006796604 0.006834784 9.80395
-0.043151285 0.0004632678 9.811217
-0.01621636 -0.055368267 9.784861
-0.027337184 -0.021108413 9.803829
-0.032820564 0.0882172 9.794212
-0.026116312 -0.07552416 9.801967
-0.061973404 0.053930543 9.795779
-0.14572734 0.004696358 9.800585
0.119684644 -0.012110559 9.804275
-0.011269251 0.07051 9.791778
-0.026747495 -0.049536318 9.800265
-0.029285897 0.0010602729 9.801566
-0.026224956 -0.032114018 9.807927
-0.024750564 -0.03745258 9.799614
-0.0300882 0.019025354 9.811581
-0.16926223 0.029200995 9.803538
-0.008079359 0.026794853 9.786465
-0.20520672 -0.0236338 9.782536
-0.035936307 0.049769964 9.818966
-0.12751907 -0.0351184 9.796351
-0.82023317 -0.03063962 9.804355
0.03590168 0.012034871 9.798505
-0.021637933 0.014158465 9.795231
-0.004067924 0.017276634 9.801074
-0.032365035 -0.07762205 9.799264
-0.15499565 0.014914754 9.801867
-0.16306677 0.029841421 9.796758
-0.07840689 -0.04998966 9.800213
-0.027337834 0.0060050017 9.797757
0.7043986 0.016240058 9.80315
0.31454894 0.10169784 9.801798
-0.021372989 -0.077047735 9.797696
0.0043252977 0.012800883 9.791686
-0.0017247684 -0.0048486665 9.800536
-0.034226526 0.0018580357 9.796139
-0.028925195 -0.027370404 9.805996
-0.037500978 0.013460858 9.801076
-0.006455343 0.018783752 9.794828
-0.040433325 0.020261344 9.804667
-0.0021070633 0.010697506 9.806023
-0.029859487 0.0023212614 9.79262
-0.026307035 0.0152717065 9.803879
-0.028410712 -0.01112678 9.797265
-0.028613877 0.020479707 9.7945795
-0.039048452 -0.07869748 9.816201
-0.021252219 0.0018831479 9.791973
-0.03178239 -0.06624948 9.798535
-0.027944589 0.02657552 9.801592
-0.028847901 0.01202015 9.799429
-0.040700678 -0.021225411 9.79678
-0.028870948 0.025008088 9.817112
-0.1142333 0.007695638 9.795967
-0.0059871376 0.0013349984 9.791231
-0.030962117 -0.045284223 9.794525
-0.03787502 -0.0026477338 9.803174
-0.025122035 -0.0060332282 9.797456
-0.008612962 0.013950979 9.797804
-0.012769897 0.03839273 9.805795
-0.030011829 -0.1203375 9.795235
-0.025834292 0.052735467 9.800345
-0.028839976 0.05601698 9.803538
-0.032583755 -0.08854151 9.790849
-0.023865908 0.05755176 9.806005
-0.0377836 0.040178508 9.811509
-0.122712724 -0.021569418 9.786405
0.06980753 -0.038116984 9.802463
-0.016670143 0.013688298 9.798401
-0.031031704 -0.01772553 9.803608
-0.042133514 0.079980925 9.805208
-0.015143469 -0.048080128 9.798444
-0.026433544 0.023143958 9.786926
-0.070674896 0.027041515 9.805256
-0.0877973 0.047925707 9.802942
0.058637276 -0.030554093 9.802065
-0.051567476 0.004396428 9.797955
0.001691563 0.0032864844 9.800416
-0.0045188535 -0.03667737 9.799059
-0.15265854 0.017947 9.801279
0.0997952 0.06223086 9.79919
-0.030248072 -0.06165782 9.802743
0.06230018 -0.027155729 9.797065
-0.008566167 0.0008281617 9.8010645
-0.108774535 0.050275903 9.797911
0.019177413 0.02161406 9.815561
-0.07078986 -0.016635368 9.786217
0.0733984 -0.005694406 9.799918
-0.048691973 -0.013379617 9.800995
-0.14616956 0.024502791 9.804283
0.053265702 -0.025625901 9.800255
-0.12719999 -0.024090841 9.799762
-0.115770265 -0.035711985 9.7990055
-0.7873141 0.0069908537 9.7964325
-0.013736548 0.05088307 9.797908
-0.027172714 -0.038090277 9.801568
-0.019316161 0.06753673 9.800607
-0.0771107 -0.05330398 9.801363
-0.16120577 -0.01451267 9.802371
-0.068381034 -0.020212077 9.798471
-0.028516114 0.0036128673 9.800319
0.01917291 0.0071660983 9.803468
-0.058892608 -0.01846411 9.803044
-0.023249408 0.01920889 9.799153
-0.14921246 0.050313734 9.80284
-0.0074103624 0.03629243 9.79662
-0.065786 -0.008170191 9.801179
0.0163682 -0.018080462 9.8026705
0.030106787 -0.015635831 9.799266
-0.07476254 0.03550433 9.793736
0.31222275 -0.019855812 9.801755
0.7009637 -0.024101617 9.806234
-0.03726597 0.012011795 9.801553
-0.029813442 -0.06456673 9.798421
-0.026987344 0.11516542 9.802639
-0.029682688 -0.12900685 9.800232
-0.020424813 0.039003074 9.794647
-0.005469963 0.049294077 9.807611
-0.04546738 0.0009577419 9.793432
-0.018511506 -0.00948206 9.803674
-0.051724993 0.008749602 9.796782
-0.029112032 0.029046489 9.797972
-0.03313017 0.014928126 9.798705
-0.027049473 -0.03475421 9.801113
-0.024734855 0.0073256274 9.800439
-0.037335183 0.021968693 9.795665
-0.022609074 -0.022709627 9.804953
-0.014603807 0.02476631 9.801362
-0.04062625 0.0058164243 9.797875
-0.021685839 -0.0067597087 9.80114
-0.033910267 -0.01776623 9.800737
-0.0000146637 -0.0000976545 9.796407
-0.04250397 -0.0029832346 9.803456
-0.030429952 -0.035199244 9.797091
-0.025854688 -0.0038104483 9.801904
-0.028730316 0.033950634 9.801432
-0.03914446 -0.03039361 9.800466
-0.02956589 0.0019171156 9.798641
-0.030226998 -0.002102507 9.795148
-0.025783662 -0.046604313 9.803846
-0.02265351 -0.0031575798 9.800615
-0.029055784 0.06131198 9.798485
-0.004517503 -0.09323269 9.805792
-0.053632595 -0.0048955902 9.798807
-0.036374938 0.0062218336 9.802873
-0.024994446 0.0105286185 9.809166
-0.03566432 0.032484345 9.784363
-0.022161826 -0.05756512 9.799944
-0.0025725719 -0.026695853 9.797446
-0.0018281089 -0.030423712 9.801773
-0.020360533 0.013299752 9.798466
-0.05763839 0.031023009 9.804508
-0.021458516 -0.042502504 9.793924
-0.031064272 0.018550547 9.803299
-0.033794604 -0.011991871 9.801502
-0.012970997 0.04046384 9.799835
-0.044626404 -0.021609252 9.799607
-0.024634374 0.045886386 9.797557
-0.031688254 -0.06858219 9.800041
-0.030719493 -0.015354673 9.800132
-0.023945402 0.019495724 9.796264
-0.031857017 0.02189208 9.801697
-0.031109057 -0.006979895 9.800282
-0.027970528 -0.027901797 9.802399
-0.021189991 0.014537014 9.795817
-0.031818528 -0.017401626 9.805909
-0.02671778 -0.017066613 9.797711
-0.03945566 -0.008285736 9.813207
-0.028161762 0.0058051804 9.798863
-0.030449577 0.01548295 9.799403
-0.025280267 -0.0016210258 9.794749
-0.027319357 -0.017323367 9.799887
-0.023532616 0.042612042 9.797531
-0.02597789 -0.0514103 9.801109
-0.032217804 0.03280359 9.796807
-0.030661225 -0.00045694 9.803426
0.0034202514 -0.010960732 9.801328
-0.109364584 -0.010549226 9.791894
0.04881657 0.04422974 9.804963
-0.015743036 -0.048769902 9.803552
-0.12157626 -0.0012510149 9.792342
-0.1757377 -0.00394009 9.808339
0.10714284 -0.050727025 9.800623
-0.17513697 0.040718995 9.803667
-0.09618966 -0.013514126 9.79909
-0.08633475 -0.0001824661 9.799606
-0.09143859 0.0026086578 9.798687
-0.7311804 0.0047782096 9.800756
0.08619073 -0.017770572 9.798772
0.0006647669 -0.0012504507 9.801021
-0.049968354 -0.027195275 9.796897
-0.0971905 0.057906907 9.800594
-0.15109749 -0.021240523 9.801076
-0.064640656 -0.049682025 9.796388
-0.04983034 -0.040948205 9.799406
-0.03671614 0.05622256 9.799016
-0.010399826 0.03304579 9.8016405
0.16442421 0.013114878 9.800641
0.8398307 -0.010422965 9.799011
-0.02793088 0.035317797 9.807832
-0.034798622 -0.015748443 9.788516
-0.026640495 0.0060567656 9.805202
-0.026012037 0.019539975 9.802624
-0.029646087 -0.062163413 9.792066
-0.027181387 0.0058075893 9.801918
-0.006645439 -0.044278424 9.798181
-0.0137582235 0.030476985 9.798748
-0.06891697 0.018969296 9.802293
-0.03396618 -0.010587637 9.795571
-0.02874425 0.052625235 9.821501
-0.020621443 -0.055816803 9.781586
-0.03207893 -0.02801557 9.802189
-0.02865088 0.036166534 9.798937
-0.022667512 -0.032371912 9.799527
-0.024768125 -0.006036993 9.80142
-0.032067463 0.006064846 9.79865
-0.030581824 0.024621941 9.794377
-0.03523301 -0.021186478 9.805554
-0.036184024 -0.0059445854 9.785788
-0.02927894 0.047096595 9.793846
-0.032998197 -0.024142515 9.803227
-0.017956253 -0.0383617 9.801338
-0.016519485 0.03983747 9.800893
-0.021634214 -0.006309412 9.801802
-0.025620831 -0.020392062 9.801276
-0.04525251 -0.004624652 9.798277
-0.0032742694 -0.019486373 9.800039
-0.054309186 0.02260005 9.802327
-0.03348638 -0.029766507 9.800017
-0.03305983 0.0033299278 9.797993
-0.012316069 0.0050777732 9.797881
-0.032903206 0.055318557 9.801644
-0.03697212 -0.0028731616 9.804887
-0.025588742 0.011412722 9.796655
-0.03311 0.008010434 9.802785
-0.07654607 0.008236594 9.797138
-0.028018095 0.004528381 9.801654
-0.028097391 -0.0033412569 9.798427
-0.026991282 -0.031097222 9.798009
-0.03234651 0.052559238 9.816934
-0.0203637 0.047154866 9.78619
-0.02485519 -0.048952337 9.80082
0.003370815 0.0012031726 9.798018
-0.02551068 -0.04382837 9.802848
-0.057532065 0.032143094 9.7995
-0.026091766 0.025939286 9.80202
-0.021507472 -0.028253026 9.800474
-0.035327822 0.07564367 9.79678
-0.037801236 -0.007380757 9.799606
-0.026801769 -0.041980874 9.7974
-0.022031441 -0.0047401777 9.799634
-0.013338185 0.008158115 9.801117
-0.015976224 -0.01893077 9.793305
-0.048368856 0.05708952 9.797388
-0.038573436 -0.09076035 9.807231
-0.015535263 0.007734833 9.788941
-0.038396027 -0.01941607 9.811638
-0.14214253 0.0000866969 9.79982
0.054788083 0.043207057 9.796542
-0.022244364 -0.016498076 9.800276
0.0066469945 -0.038183846 9.797604
-0.033965852 -0.046791527 9.798873
-0.052326754 0.09668075 9.79552
-0.027896479 -0.031363267 9.798958
-0.023285586 -0.049372155 9.811888
-0.0288354 0.058898706 9.792907
-0.030585611 -0.0000683186 9.799995
-0.036053136 -0.0011957247 9.806141
-0.02424623 -0.014357707 9.795951
-0.043584242 -0.0053085824 9.822548
-0.013856467 0.026444219 9.769998
-0.0312219 -0.06197129 9.809416
-0.024428112 0.011975252 9.797183
-0.018678261 0.003624381 9.800463
-0.008960476 -0.047134742 9.796651
-0.057976566 0.026087066 9.801942
-0.038203962 -0.004884006 9.803164
-0.0104928985 -0.029406311 9.802951
-0.016009223 0.0050646435 9.792765
0.0059932834 0.012869116 9.800498
-0.030860452 0.046544466 9.803233
-0.012977259 -0.025668656 9.790587
-0.0101280315 -0.01368053 9.798049
-0.073907465 0.036128357 9.808292
-0.035550646 -0.00546956 9.798795
-0.020952895 -0.008174731 9.797576
-0.032374963 0.01367359 9.794145
-0.19371228 0.018952424 9.813875
0.13340801 0.01460217 9.79153
-0.035190795 -0.022089535 9.805622
-0.0040628016 0.035248943 9.802379
-0.035187017 -0.02522911 9.810546
-0.017625853 -0.04894763 9.788238
-0.019930558 0.03481336 9.797517
-0.022925131 0.10217702 9.797227
-0.027756698 -0.069441974 9.802703
-0.035303604 -0.008437758 9.799316
-0.0063938284 -0.023081634 9.801252
-0.01384576 0.07280335 9.801795
-0.048482947 -0.04880327 9.803559
-0.0380514 0.0057326574 9.791971
-0.014700469 -0.013584623 9.803625
-0.043940343 -0.017471151 9.795274
-0.02412274 0.038211424 9.803142
-0.02879389 -0.01726156 9.798204
-0.036596708 0.014083239 9.805507
-0.018852286 -0.16313145 9.798167
-0.036883257 0.14440371 9.800447
-0.017823309 -0.021427752 9.80053
-0.040914327 -0.015245024 9.798255
-0.029394588 0.018760873 9.799044
-0.029101806 -0.010160999 9.79224
0.009072486 0.009451897 9.802002
-0.03582827 0.022449642 9.805398
-0.026421633 -0.10987564 9.799152
-0.015435206 0.041020382 9.796941
-0.019604564 0.07346835 9.793221
0.002787698 -0.026606333 9.801551
-0.041996438 -0.006491617 9.800392
-0.022807745 -0.022538569 9.798845
-0.025090283 0.020634584 9.799144
-0.042880762 0.0061238143 9.801191
-0.016246835 -0.0152174765 9.793945
-0.04670821 -0.011687131 9.800214
0.014209041 -0.024099205 9.814181
-0.038792342 -0.007114332 9.796877
-0.035581496 0.014429716 9.798473
-0.031493273 0.017753785 9.802878
-0.022706809 -0.012827505 9.800561
-0.019905668 -0.0022558044 9.798507
-0.113929056 0.0074545946 9.802757
0.04961101 0.01616748 9.79359
-0.04105236 0.0081477165 9.807257
-0.0037690224 -0.002040552 9.796035
-0.038054 0.0038069803 9.799539
0.004024191 -0.021489173 9.801091
-0.19262317 -0.054134034 9.797393
0.15358098 0.12855427 9.800706
-0.02647355 -0.042105526 9.803372
-0.07750675 0.04240356 9.796321
-0.0050868317 -0.0127887335 9.803527
0.0031183157 -0.0042862874 9.799094
-0.063875236 -0.105204076 9.810875
-0.005005624 0.07964694 9.790949
-0.014175223 -0.024810307 9.800907
-0.033474874 0.0060007866 9.802858
-0.05456777 -0.0034323689 9.800115
-0.015507728 -0.010269449 9.794698
-0.032945313 0.0069954204 9.8016405
-0.03259459 -0.034892812 9.800846
-0.033156414 -0.0015220563 9.797835
-0.13701457 -0.010573862 9.796631
0.021759642 -0.038284414 9.803283
-0.012085067 0.0281581 9.794661
-0.16131273 -0.01610552 9.802261
0.048627835 0.012479503 9.7967
-0.039364226 0.02664049 9.814333
-0.025856312 -0.03999696 9.791942
-0.02778306 0.013656848 9.797473
-0.02715041 0.0000773785 9.805507
-0.04554049 -0.02593777 9.799381
-0.095235735 0.01289542 9.796315
-0.9635029 -0.026456324 9.81093
0.04548912 0.06521804 9.784958
-0.014487922 0.013004399 9.805184
-0.025018003 -0.015170216 9.797034
0.61121863 -0.022134742 9.807128
0.18306944 0.009647144 9.796185
-0.029501393 0.014004797 9.798876
-0.025827298 0.009367567 9.802042
-0.03393635 -0.03847054 9.800147
-0.019682297 -0.022429675 9.799791
-0.046017908 -0.008091331 9.798368
0.043302584 0.024281997 9.798158
-0.05429836 -0.008721432 9.809135
-0.0024816208 -0.058675386 9.789825
-0.009408664 0.05437962 9.791014
-0.045857962 -0.0064820303 9.805694
-0.035173442 -0.05567854 9.800575
-0.04136483 0.040254142 9.799912
-0.015207071 0.008308757 9.798627
-0.028849691 -0.011523704 9.800553
-0.026590347 0.057421308 9.798283
-0.019548818 -0.01534137 9.800501
-0.043233663 -0.0047122906 9.803136
0.019595116 0.070757724 9.784934
-0.07459171 -0.028178286 9.799645
-0.0317009 -0.033599757 9.798565
-0.018785998 0.0021309312 9.801018
-0.033599623 0.053556446 9.789892
-0.028067747 -0.026566511 9.806501
-0.031293273 -0.07101239 9.800304
-0.009363031 0.09316162 9.798031
-0.03463192 -0.030186076 9.802547
-0.031395864 0.010237822 9.803444
-0.028328044 -0.021404015 9.802293
-0.032239094 0.01996573 9.800093
-0.023896208 -0.013168298 9.797983
0.0086466335 -0.000807362 9.797172
-0.008847453 0.052141003 9.803812
-0.06738772 -0.04327619 9.811059
-0.004927097 0.006536772 9.787575
-0.026029803 -0.0050093243 9.797687
-0.06175625 -0.025704136 9.800807
-0.031901203 -0.012585133 9.799305
-0.02300145 0.018478654 9.801663
-0.035747427 -0.022482876 9.800582
-0.0118075665 0.023535857 9.8010645
-0.03287005 -0.06335286 9.79775
-0.056653567 0.06511504 9.7994795
-0.007680118 -0.024446249 9.797992
-0.006387556 -0.030253563 9.796946
-0.08362761 -0.037318077 9.809187
-0.0090731345 0.03361005 9.79802
-0.02712336 -0.00379387 9.798543
-0.03220295 0.030363107 9.799233
-0.031696774 0.0074155726 9.800546
-0.09768748 -0.037725523 9.800243
0.038184103 -0.0020453539 9.7986355
-0.03128697 0.018256115 9.801666
-0.029922511 0.017216254 9.798132
-0.024975332 0.055216134 9.803685
-0.015915113 -0.0087528145 9.801313
0.0056945793 0.037730258 9.796433
-0.066070914 0.03193019 9.800156
0.019041266 0.05374637 9.797886
-0.075524956 0.09941195 9.814854
-0.0023016986 -0.15423891 9.788564
-0.02974002 -0.008545989 9.801063
-0.024880026 0.008401988 9.799767
-0.040762395 0.016590774 9.799788
-0.026560003 0.03140882 9.799852
-0.024270676 -0.041497618 9.800923
-0.12504077 0.025997756 9.800028
0.0576434 0.029299548 9.799263
-0.032983717 -0.0037252929 9.799513
-0.025437 0.025367592 9.797945
0.025823107 -0.019503752 9.800596
-0.08114135 -0.030018251 9.79768
-0.004848372 0.07341491 9.802582
-0.028437177 -0.017206114 9.799702
-0.029944576 -0.057115156 9.799386
-0.013862387 0.034394506 9.79966
-0.02525448 0.019034507 9.79867
-0.027024966 -0.0020457215 9.8007345
-0.019855581 -0.014172586 9.800878
-0.03339592 0.029451836 9.798936
-0.02381247 -0.031222103 9.799071
-0.0030126125 0.020766556 9.802659
-0.026374657 -0.0008443616 9.79805
0.008379821 0.034984678 9.788394
-0.07916039 0.022466943 9.810802
0.0017820336 0.016277451 9.801152
-0.025280502 0.00825789 9.8010025
-0.045403495 -0.00820738 9.798227
-0.024954444 0.020509496 9.802901
-0.02933607 -0.046172936 9.798458
-0.023763765 0.011086345 9.800536
-0.027498007 0.0056211213 9.797343
-0.040520508 -0.0040626177 9.8029375
-0.031350892 -0.023672698 9.797379
0.001061365 0.020904101 9.79988
-0.074009046 -0.0033614128 9.813567
-0.033305693 0.0055251187 9.784913
-0.032227322 0.014059045 9.800797
-0.04512439 0.0025478858 9.797929
-0.029049674 -0.019037396 9.804086
-0.022254024 0.017145596 9.798325
-0.031066803 0.0012674435 9.789851
-0.03430834 0.0094195455 9.8081045
-0.037301887 0.024613738 9.799558
-0.026883714 0.01216908 9.801633
-0.018854057 0.0061019007 9.80133
-0.03460515 -0.044087216 9.7995205
0.018810797 0.06589884 9.792037
-0.13116954 -0.011669067 9.799739
-0.0052190237 -0.014749957 9.7992115
-0.9790119 -0.020300483 9.80298
0.032201678 0.030081987 9.796795
-0.0019170679 0.0059915558 9.801402
0.01315745 -0.024873953 9.791624
-0.054013893 -0.063022256 9.800838
-0.1324733 -0.0022958163 9.801424
-0.1456206 -0.017573139 9.800642
0.40930068 0.03460304 9.796188
0.5096967 -0.0068330043 9.801353
-0.001412537 0.012399863 9.801531
-0.007914802 -0.036152456 9.804243
-0.0075988844 -0.060880873 9.802491
-0.021422647 -0.0027366844 9.801591
-0.03672365 -0.05278538 9.799771
-0.03471599 0.012940586 9.798384
-0.030723067 -0.013767067 9.799665
-0.02390356 -0.0003959235 9.795413
-0.071423665 0.070640415 9.812886
0.015454095 -0.07498275 9.784879
-0.039067194 0.058954433 9.793993
-0.01577566 -0.047041822 9.800069
-0.047625408 -0.03169253 9.804908
-0.0015867278 -0.0028780706 9.79617
-0.043731466 -0.011712249 9.809069
-0.013665434 -0.005107817 9.795231
-0.00972268 0.007032632 9.804073
-0.02971555 0.04635215 9.804004
-0.018768849 0.0000613294 9.797464
-0.037287522 0.013158123 9.800144
-0.031079162 0.040655263 9.810394
-0.0119367875 -0.06581849 9.7876215
-0.026452132 0.020221429 9.793857
-0.02406636 0.012662751 9.808521
-0.0062185135 -0.039433483 9.797693
-0.026815461 0.0006738357 9.797033
-0.030622073 -0.015040368 9.801454
-0.027266866 0.041642074 9.798588
-0.031091366 -0.045837373 9.794751
-0.028168214 0.055096973 9.809565
-0.03474664 -0.02541991 9.798669
-0.035766542 0.041927624 9.797593
-0.011319628 -0.10872923 9.805595
-0.031990726 0.11725559 9.798464
-0.03362468 -0.03433232 9.801766
-0.035277646 0.020937953 9.797884
-0.058715515 -0.013029012 9.803528
0.004022166 -0.040279604 9.797192
-0.02285931 0.008039633 9.795338
-0.02670658 0.023781585 9.8015375
-0.029674107 0.027747313 9.798785
-0.060466547 0.008733525 9.808825
0.015660645 -0.021790816 9.788987
-0.034101408 0.0007086998 9.795597
-0.025855862 -0.006817049 9.805707
-0.032661617 -0.03853848 9.802588
-0.023916638 0.10418544 9.797573
-0.026841251 -0.06454519 9.796752
-0.026786422 0.0047744857 9.798116
-0.034393094 0.017466301 9.800824
-0.006119922 0.006505374 9.803282
-0.030798348 0.030813543 9.799065
-0.027037878 -0.04269603 9.801492
0.040046148 0.029709173 9.812778
-0.016449355 0.036827404 9.78254
-0.045106977 0.007576581 9.802612
-0.019831447 0.016430406 9.803394
0.011624806 -0.100064114 9.79863
-0.029737964 0.044451278 9.802283
-0.019606942 -0.039272867 9.801358
-0.03172511 0.04155333 9.796746
-0.2104878 -0.0052970587 9.800649
0.1444732 0.012975069 9.796637
-0.1689192 -0.05920263 9.801749
-0.018585108 0.038058188 9.799251
-0.12142064 -0.010765034 9.7998
-0.79545593 0.004010182 9.79781
-0.104019985 0.016530802 9.796537
0.11318393 -0.039041486 9.784207
0.003293261 0.007852518 9.800898
-0.08836129 -0.012539808 9.813313
-0.164812 0.05921765 9.813875
-0.0510324 -0.018388258 9.7983465
-0.048262827 0.030746685 9.799837
-0.058719583 0.0002244959 9.799504
-0.014116846 -0.023091761 9.797703
-0.14174499 0.03330067 9.8029375
0.17755091 -0.022807235 9.80378
0.90814674 0.02486373 9.79832
-0.008039296 -0.010105288 9.802779
0.06534811 -0.05358441 9.798807
-0.02697575 0.034501735 9.798538
-0.03843086 -0.02426054 9.802462
-0.023264803 0.008878111 9.800761
-0.016604103 0.029803593 9.794876
-0.05874434 -0.016835013 9.801683
-0.051631175 0.001028005 9.802414
-0.055592358 0.013793375 9.815694
-0.020508789 0.059369214 9.79472
-0.0045508593 -0.01734534 9.795675
-0.034838587 0.015073266 9.801007
-0.042706832 -0.0051305997 9.792164
-0.0024754778 -0.022807777 9.804015
-0.054628044 0.057983246 9.795347
-0.028207675 0.036333103 9.811767
-0.018147876 -0.07698578 9.790638
-0.036320932 -0.011040909 9.795995
0.0016803816 -0.062662385 9.797013
-0.0140626775 0.03962743 9.801197
-0.039315216 -0.0034715177 9.79915
-0.025409468 0.0059221666 9.799065
-0.009133842 -0.039963514 9.797517
-0.037044555 0.020759676 9.800215
-0.02011264 -0.017646324 9.79976
-0.03499654 0.0014591279 9.797142
-0.017624041 0.02763597 9.810274
-0.024403457 0.085001536 9.788599
-0.026023576 -0.059715904 9.804972
-0.029389236 -0.093806416 9.79836
-0.024290983 0.08632901 9.80271
-0.035656683 -0.014719492 9.795897
-0.004542647 0.02509652 9.805813
-0.033394594 -0.013293973 9.796703
-0.029062865 -0.029857066 9.804275
-0.03662213 -0.005326187 9.79954
-0.04541213 -0.008386741 9.80293
-0.040565528 -0.021392247 9.799592
-0.07268711 0.03751533 9.79907
-0.02015555 -0.002883153 9.80002
-0.03701786 -0.0094653675 9.798524
-0.036253005 0.038496416 9.800379
-0.066419415 -0.05134018 9.795187
-0.034289956 0.061871834 9.804719
-0.036827914 -0.021883197 9.814566
-0.03575755 0.039716568 9.791755
-0.017862655 -0.04321443 9.799062
-0.0139969895 0.034608837 9.797658
-0.08910372 0.0153392395 9.800334
-0.026845176 -0.0109114535 9.803698
0.03642927 0.011732249 9.79289
-0.029118111 -0.022233931 9.807118
-0.027913202 0.0072010458 9.800173
-0.039217874 0.0144375805 9.80213
-0.14603713 -0.043105677 9.798724
-0.005280627 0.059133314 9.7963
-0.020156812 -0.003455137 9.801572
-0.030113572 -0.027023936 9.795062
-0.07394946 0.020978218 9.803832
0.052799735 -0.028936906 9.797823
0.006252121 -0.00880443 9.796383
-0.02638378 0.03590308 9.806895
-0.019149905 0.015941612 9.798876
-0.022961386 -0.013634965 9.799451
-0.035546508 -0.010018648 9.802974
-0.050644778 -0.03039413 9.810122
-0.10266754 -0.0052413326 9.789011
-0.052104607 0.0017134035 9.799726
-0.021071408 0.03952688 9.800319
-0.011555906 -0.05789036 9.796914
-0.013405502 -0.02880762 9.792771
-0.04741468 0.056341827 9.81588
-0.018076088 0.026506009 9.772965
-0.026131378 -0.013151535 9.801621
-0.025966361 -0.0074478085 9.79989
-0.031070726 0.05193446 9.79883
-0.044073675 -0.05087593 9.80036
-0.0056665074 0.08085264 9.802696
0.0011148024 -0.038702413 9.802291
-0.030925415 -0.025055563 9.79588
-0.10918233 -0.04976976 9.788253
-0.0022228323 -0.04729569 9.808069
-0.14274009 -0.026607167 9.806709
0.078661755 0.041678257 9.797079
-0.027603967 0.017135724 9.799957
-0.025835553 0.0040832064 9.803837
-0.02734539 0.003160935 9.798203
-0.08151294 0.004187588 9.803426
-0.15016201 0.0042520445 9.79359
-0.91558075 0.024059748 9.801936
0.03323768 -0.026722891 9.801029
0.012957409 -0.0006622595 9.793793
0.050255638 -0.019004133 9.803772
0.68503803 0.011993834 9.801049
0.048340917 -0.0014226856 9.799569
-0.028524138 -0.012053519 9.802701
-0.024003565 0.0006553034 9.800942
-0.013552055 -0.018108621 9.799276
-0.024052527 0.02195611 9.801644
-0.034598406 -0.016158082 9.797687
-0.024140444 -0.022383353 9.805006
-0.015745068 -0.0003790643 9.799607
0.04311623 0.00965619 9.800518
-0.030606847 -0.035079986 9.799004
-0.037657637 0.029424744 9.800168
-0.044428162 0.025368175 9.798892
-0.04456819 0.010036404 9.803125
-0.027858997 -0.0005872047 9.795543
-0.022824213 -0.007230636 9.796233
-0.056590922 0.0001656581 9.803752
-0.013999737 0.01831129 9.799656
-0.035978563 0.015673466 9.796659
-0.04302919 0.0435623 9.79214
-0.012922427 -0.071108334 9.802505
-0.048460066 0.026942963 9.801131
-0.041344814 -0.034696583 9.799863
0.02661463 -0.033518516 9.80263
-0.07231486 -0.008758491 9.811889
-0.037230983 0.055363208 9.7896595
-0.027191097 0.018066168 9.799369
-0.024582896 -0.042030875 9.800154
-0.051455043 0.0100282775 9.799831
-0.013345198 -0.038410317 9.7994585
-0.036817964 0.00923288 9.800186
-0.026880054 0.009139555 9.800637
-0.037697155 0.092366986 9.795987
-0.019866291 -0.10026017 9.802224
-0.012605967 0.021904541 9.799968
-0.017713562 0.010584966 9.802327
-0.030717386 -0.02268008 9.799244
-0.009915067 -0.011619786 9.792808
-0.052839357 0.1397332 9.819436
0.0009087566 -0.093073435 9.794898
-0.026369052 -0.018087026 9.798688
-0.014877487 0.033123225 9.799293
-0.0596833 -0.06050794 9.799512
0.023163568 0.0757694 9.799951
0.008062951 -0.015275048 9.799196
-0.066866904 -0.012823815 9.801306
-0.05405806 0.0067964247 9.799741
-0.026271421 0.021115068 9.7990265
-0.017592236 -0.0422533 9.800907
-0.042870995 0.010110235 9.805072
-0.048247635 0.026596323 9.791778
-0.020757038 -0.027982442 9.799357
-0.03411623 0.0005869176 9.798935
-0.038629815 -0.0032702133 9.797284
-0.03553438 -0.0002677026 9.803177
-0.02995306 -0.023026433 9.799502
-0.031184435 0.03252004 9.799631
-0.10216398 0.013803119 9.799637
-0.11277193 -0.024137981 9.801129
0.06578308 -0.031784505 9.800341
-0.029104976 0.016590431 9.796129
-0.18742895 -0.032937627 9.805406
0.020708494 0.059652343 9.793396
-0.042738974 0.014409438 9.812748
-0.0064389445 -0.028050978 9.788981
-0.1671688 -0.005459782 9.79662
0.11248217 -0.00942163 9.799366
-0.057465598 0.0005221681 9.8017
-0.093333855 -0.022038162 9.797911
-0.06968571 0.035066575 9.802431
-0.46718934 -0.01060096 9.79937
-0.50717044 -0.027443172 9.804714
0.08798115 0.04207503 9.79692
0.03711197 0.062447853 9.79783
-0.08273126 -0.046710737 9.803555
-0.06656211 0.0106849745 9.800361
0.7374731 0.01843101 9.798148
0.10132032 -0.009867628 9.796069
0.0032549854 -0.039414234 9.804355
-0.030531794 0.023178391 9.796332
-0.02128636 -0.016540978 9.801869
-0.02273108 0.01389374 9.798909
-0.058810387 0.021836624 9.8006
-0.030799503 -0.0038973417 9.791942
-0.02703659 -0.009994646 9.801515
-0.022210782 0.063021556 9.817243
-0.04373253 -0.011182455 9.787937
-0.039651133 0.0054299342 9.8109665
-0.015386306 0.073821925 9.7823515
-0.007601604 -0.07190929 9.803086
-0.02999722 -0.018540759 9.8048525
-0.056410488 -0.03532544 9.797078
-0.06144652 -0.0739634 9.807209
-0.030628063 -0.036373697 9.789813
0.03951829 0.055980418 9.803337
-0.045084897 -0.0079274075 9.7992735
-0.06984743 -0.016027007 9.79803
-0.011004338 0.035741687 9.802669
0.008753093 0.005170027 9.799028
0.0035441201 -0.028739564 9.801187
-0.042398803 0.013696734 9.800437
-0.048280027 -0.055274982 9.816876
-0.014715585 0.06387646 9.781257
-0.028838774 -0.054576304 9.799186
-0.034684375 0.12340257 9.792458
-0.059890438 -0.078442626 9.813484
0.010937808 0.022523407 9.787656
-0.029244535 -0.018330596 9.80253
-0.11634587 0.03076908 9.800536
0.13120066 -0.038333412 9.797508
-0.07522269 0.011837279 9.796665
-0.040402506 -0.039254837 9.802964
0.0010295529 0.017141076 9.79632
-0.060368292 0.034132455 9.814342
0.01855812 -0.02383501 9.788773
-0.026343577 -0.040484317 9.803019
-0.043922134 0.04358435 9.799759
-0.002838472 -0.020640083 9.799426
-0.035620347 -0.015904896 9.802453
-0.031439636 0.016671214 9.797704
-0.020804893 -0.02571674 9.803816
-0.02040784 0.03947661 9.797157
-0.09335962 -0.061805014 9.800925
0.050527617 0.06661895 9.798735
-0.050897554 0.043374654 9.81439
-0.015065532 -0.02486216 9.792879
0.03503854 -0.004205619 9.801265
-0.04389786 -0.052053243 9.802149
-0.04788938 0.055451114 9.797913
-0.043839477 0.025332829 9.801777
-0.034076117 0.014790707 9.795518
0.02107492 0.018789139 9.803507
-0.025585312 0.01720117 9.794512
-0.031637672 -0.047557756 9.804145
-0.023948377 -0.030346792 9.800549
-0.03268607 0.02459829 9.801846
-0.03500108 -0.024521613 9.795166
-0.0467665 0.10172859 9.797702
-0.014603439 -0.010910707 9.795891
-0.06809967 -0.0071622836 9.797255
0.0008642264 0.007574388 9.803186
-0.018386606 0.014963272 9.802747
-0.06104075 -0.007355936 9.800762
-0.013447061 -0.052483045 9.797188
-0.02362457 -0.014555098 9.797027
-0.025459053 -0.020264337 9.803585
-0.026300022 -0.006362599 9.795559
-0.08261903 -0.016135044 9.811766
-0.030359473 0.01544724 9.789271
0.011257147 -0.026308483 9.799384
-0.018538881 0.059936963 9.79736
-0.056551218 -0.020842724 9.800796
-0.014070202 -0.06386373 9.802324
0.012758927 -0.0069588544 9.798708
-0.015145928 0.03287922 9.798478
-0.037297122 0.0002629721 9.798466
-0.057728276 -0.06948123 9.812591
-0.005850924 -0.016880328 9.785617
-0.027265834 0.027407182 9.805139
-0.028362853 -0.024976414 9.803316
-0.027641708 -0.018646043 9.797765
-0.050628528 0.08803563 9.805444
-0.021122638 -0.032821845 9.791576
-1.0604272 -0.0038016837 9.800026
0.74273753 0.009994321 9.80131
0.10461266 -0.0109426705 9.792396
-0.01983576 0.03366231 9.799313
-0.010510452 -0.023892255 9.80267
-0.0073640496 0.009508764 9.809506
-0.015403686 0.022287095 9.785632
-0.058884095 0.031266224 9.804426
-0.037508756 -0.015792718 9.800779
-0.029831637 -0.030036466 9.798741
-0.03406128 0.016734418 9.799327
-0.029576512 -0.020819133 9.803473
-0.028410928 0.031841524 9.802661
-0.034003977 -0.011961202 9.797243
-0.026764441 -0.040041644 9.800938
-0.035787858 0.0124984495 9.805337
-0.02354142 -0.011441056 9.796077
0.007330857 -0.0003973655 9.809653
-0.014647377 -0.051569838 9.783373
-0.017292256 0.014785316 9.802483
-0.04782258 -0.0037488034 9.79804
-0.031401176 -0.003934291 9.80133
-0.024280295 -0.04108721 9.798438
0.0033875238 -0.016459115 9.803189
-0.029910829 -0.014743935 9.794625
-0.03795806 0.016280727 9.804021
-0.046983916 -0.008526955 9.799547
-0.029050207 0.0009036331 9.801235
-0.023444362 0.007906788 9.805236
-0.02488574 -0.02846741 9.802056
-0.038134728 0.050838314 9.803063
-0.012869578 0.020430572 9.789208
-0.0044223396 -0.047169764 9.805699
-0.033977155 -0.0077050216 9.793324
-0.03606399 -0.041502662 9.804622
-0.023810964 0.01405514 9.804252
-0.02604543 0.039579745 9.802736
-0.032385074 -0.046117205 9.80166
-0.026008695 0.023040649 9.796038
-0.026206769 0.0101952115 9.80008
-0.023516718 -0.0035844103 9.798247
-0.0074047213 0.045233563 9.801075
-0.014987282 -0.071287684 9.800374
0.07804432 0.023602925 9.804013
-0.21303011 0.01979128 9.813668
0.09346265 0.042225737 9.795672
-0.16527875 -0.04580072 9.796363
0.008163554 0.010595717 9.800917
-0.09578377 -0.0078067216 9.803042
-0.5428959 0.012854946 9.797769
-0.40345925 0.0036886362 9.804117
-0.022014802 0.0063036443 9.79971
-0.13596681 -0.027839025 9.805112
0.08149338 0.015436172 9.793486
-0.17514051 0.0033847955 9.801258
-0.08409043 0.008253638 9.80097
-0.048207387 0.011991108 9.797947
-0.08383305 0.013345476 9.798759
-0.110352196 0.0003387001 9.799209
-0.012324441 -0.018250577 9.796806
0.029461045 -0.0008931219 9.796421
0.52229166 0.009004027 9.80668
0.44874248 -0.024176903 9.79689
-0.0076407827 0.048672993 9.798479
-0.032762703 -0.018499231 9.804488
-0.029052854 -0.011635996 9.801583
-0.02587105 0.009851124 9.799077
-0.032635234 -0.04746449 9.802544
-0.02488518 0.016101422 9.797508
-0.021894477 0.035664156 9.800313
-0.02438732 -0.034296345 9.795107
-0.026719619 0.03167234 9.799661
-0.021610595 0.029481074 9.803084
-0.030592546 -0.039119527 9.799289
-0.025047412 0.015846973 9.799265
-0.029779967 0.03640488 9.798867
-0.031293657 -0.028122937 9.797027
-0.030670354 -0.016227793 9.80253
-0.010167161 0.01203526 9.814216
-0.025178455 0.050707776 9.781065
-0.008249683 -0.004235816 9.798307
-0.011761744 -0.014071798 9.801878
-0.01602853 -0.01722076 9.80287
-0.014672703 -0.023737926 9.796821
-0.019616188 0.059178036 9.801364
-0.018031863 -0.06285761 9.80224
-0.009271389 0.008177725 9.798498
-0.014759205 0.059949182 9.799822
-0.034807406 -0.028618267 9.809419
-0.0006163381 0.024051283 9.788703
-0.010715971 0.0004452699 9.804069
-0.021840043 0.05162584 9.793937
-0.011428809 -0.030746069 9.806168
-0.042584166 -0.016423538 9.800634
-0.010254191 -0.07234108 9.78964
-0.04365873 0.1014775 9.806053
-0.035178065 0.033133782 9.80085
-0.025147334 -0.015546894 9.79955
-0.01042524 0.01563782 9.801929
-0.041139893 0.0037192833 9.796986
-0.022024564 0.0022444655 9.796381
-0.025452802 -0.039905578 9.804828
-0.041280814 0.04510806 9.798883
-0.0288313 0.028426917 9.802183
-0.02379017 -0.0015208612 9.796328
-0.025936026 0.017551908 9.800015
-0.037081487 -0.013000677 9.80236
-0.010843862 -0.08122995 9.8004465
-0.012970519 0.058903366 9.795296
-0.05160702 0.031106649 9.811612
-0.029144656 -0.039163712 9.77663
0.02083052 -0.0034117159 9.801781
-0.031003712 0.023704812 9.802364
-0.028072411 -0.004896763 9.791758
-0.026968796 0.035313714 9.806945
-0.03915809 0.0298153 9.791051
-0.06015227 -0.04054947 9.806031
-0.020002525 0.020187624 9.793088
-0.02101859 0.049012847 9.81186
-0.055505726 -0.013187893 9.786673
-0.02265441 -0.05134628 9.803835
0.0059518525 0.0035250182 9.80113
-0.020394804 0.029408842 9.799468
-0.029353052 0.027320422 9.790125
-0.039924517 -0.018917447 9.809707
0.035542056 -0.043787494 9.797348
-0.025336083 0.03966947 9.798943
-0.032381583 -0.041961372 9.802312
-0.118282355 0.019236157 9.795973
0.0668775 -0.043718696 9.799403
-0.03830806 -0.034256514 9.804268
-0.1377981 0.033436056 9.797892
-0.00570089 0.029025491 9.801724
-0.09466389 -0.017957244 9.797596
-0.026586192 0.0104387645 9.809506
-0.09765672 -0.001246023 9.79896
0.102915205 0.008907633 9.797098
-0.6131255 -0.012969021 9.797768
-0.5217739 -0.027900653 9.810543
0.84362215 0.05760077 9.803407
0.09798672 -0.033668928 9.803445
-0.015757995 -0.021449752 9.792145
-0.017839463 0.0036716582 9.812437
-0.012793994 0.021029048 9.788584
-0.034352593 -0.009286717 9.801651
-0.009609677 -0.02348207 9.797905
-0.02563807 -0.0004252861 9.801366
-0.0279221 0.006609677 9.793653
-0.011603676 0.041688196 9.803781
-0.034402918 -0.07306376 9.799665
-0.026356846 0.025507258 9.797623
-0.020016119 -0.020194108 9.801554
-0.07409511 0.053856276 9.8113785
0.003640255 -0.033356007 9.7848015
-0.048805162 -0.0059406897 9.803711
-0.008511475 0.018737096 9.805669
-0.015227467 -0.025924996 9.798839
-0.0021260865 -0.042616833 9.798411
-0.027558686 0.04393215 9.80357
-0.03176526 -0.027522739 9.798202
-0.029846393 0.0030616203 9.80134
-0.03153854 0.05965195 9.795939
-0.024050737 -0.0056396546 9.805734
-0.037737392 0.042830992 9.797068
-0.024367306 -0.081079245 9.803057
-0.031343937 -0.051442664 9.800501
-0.026904924 0.033778142 9.802193
-0.029749203 0.007828504 9.8005085
-0.02331492 -0.002051484 9.796757
-0.022939775 0.069930784 9.804643
-0.036126815 -0.03160473 9.79551
-0.027084203 -0.023234615 9.805472
-0.054035753 0.032577265 9.798239
-0.009473184 -0.032758012 9.80948
-0.028464437 0.004474402 9.79235
-0.024650237 0.018597055 9.7936325
-0.026734626 -0.010976387 9.803219
-0.033551436 0.021100761 9.8001995
-0.022402959 -0.04359101 9.804171
-0.02866475 -0.011336906 9.801636
-0.030522266 -0.030663203 9.797984
-0.03148831 0.058348477 9.799474
-0.035027042 -0.03588377 9.807715
-0.029145908 -0.049083944 9.803334
-0.044187 0.03743284 9.789643
-0.03636583 -0.049960706 9.800328
-0.017736804 0.055469062 9.797572
-0.037987247 0.025463404 9.80203
-0.02798005 -0.0104568135 9.800252
-0.02963375 -0.0067760665 9.797914
-0.02659897 0.04387815 9.7981825
-0.03229016 0.0031712614 9.8044
-0.020516263 -0.012964504 9.801005
-0.03156181 0.045114107 9.796504
-0.02467484 -0.005200026 9.803016
-0.036888827 -0.054056212 9.795796
-0.02744246 0.0204663 9.803467
-0.02960296 0.021315323 9.795118
-0.025793796 0.020018062 9.79741
-0.027037313 -0.001935645 9.803009
-0.026396323 -0.008941501 9.795274
-0.038496308 -0.011345732 9.799963
-0.033857305 0.0057082204 9.802118
0.014047192 -0.028899392 9.799659
-0.014983816 0.051484585 9.804755
-0.010574803 0.018630203 9.7914095
-0.026264174 0.0025446534 9.805884
-0.030087449 0.014112386 9.792235
-0.022136707 -0.019934814 9.80335
-0.033066444 0.008938523 9.803842
-0.032304555 -0.08134574 9.799141
-0.040443126 0.09010592 9.793429
-0.05006937 -0.100880735 9.806857
-0.030987276 0.022328056 9.796096
-0.11212468 -0.0030273716 9.799898
0.06115783 -0.012826045 9.800566
-0.034154043 0.001348317 9.798442
-0.033155188 -0.057258897 9.797169
-0.03820313 0.029297726 9.801005
-0.036490712 -0.012994827 9.798517
-0.006020816 0.09023199 9.798806
-0.03230298 0.0061860764 9.792837
-0.027605055 -0.035738584 9.798272
-0.01480758 0.00845114 9.809608
-0.021963142 -0.026076779 9.7935705
-0.035676662 0.05557113 9.797736
-0.030937048 0.0007554749 9.7861185
-0.033402503 -0.049853377 9.818001
-0.02042665 0.06569494 9.8046875
-0.022216186 -0.015633225 9.796605
-0.03174233 0.020260846 9.801071
-0.019889202 0.18068804 9.78672
-0.029363265 -0.07612359 9.799174
-0.035105295 -0.013266412 9.796974
-0.07530341 0.019783583 9.808174
0.021430489 -0.10538973 9.801238
0.0027656928 0.042667918 9.801953
-0.064958714 0.0611579 9.78193
-0.036708564 0.05119931 9.789109
-0.03038885 -0.12215242 9.80167
-0.028902078 0.08715648 9.805108
-0.027013708 -0.09946922 9.80315
-0.031521708 0.04288727 9.78966
0.010782054 0.008119069 9.806773
-0.01725227 -0.06230891 9.792759
-0.034071364 0.030853419 9.784197
-0.03503494 -0.111594446 9.815024
-0.039335843 -0.007220948 9.81123
-0.027401144 0.043460786 9.798384
-0.03717824 0.072695084 9.798619
-0.029537074 -0.031095874 9.810232
-0.02742872 0.022125099 9.79776
-0.021244643 -0.026465258 9.79401
-0.004133947 0.05073436 9.808825
-0.033898346 0.02805741 9.7888975
-0.03522979 -0.007977514 9.800423
-0.037773117 -0.008832062 9.808238
-0.038744666 -0.011518987 9.794128
-0.016144384 0.07305221 9.800286
-0.03151685 -0.016247196 9.804717
0.037267126 -0.041083768 9.793945
-0.023599122 0.017235195 9.795006
-0.03890214 -0.051069718 9.805187
-0.03684751 -0.009354308 9.793246
-0.014032757 -0.059315097 9.8011265
-0.020893719 0.03215683 9.800548
-0.034574196 -0.009578465 9.802973
-0.026635831 -0.011992988 9.798272
-0.020131174 -0.016061237 9.796689
0.016083654 0.04437157 9.793733
-0.066048086 -0.013404204 9.812469
-0.05008687 -0.032488305 9.79815
-0.015321937 0.0011765758 9.804385
-0.038069624 -0.057200667 9.801607
-0.021738248 0.013713755 9.789795
-0.030176012 -0.058797058 9.800136
-0.023175962 0.015364876 9.8090315
-0.03180418 -0.07974714 9.795208
-0.03259716 -0.029887129 9.799967
-0.07126616 0.17296696 9.803202
0.028797567 -0.13768823 9.799025
-0.0556448 0.057750225 9.800032
-0.020662352 -0.15554318 9.795424
-0.031175451 0.027601473 9.796597
-0.027386226 0.01660126 9.799859
-0.009040052 0.0023770647 9.80154
-0.013174793 0.057487067 9.769896
0.022821862 0.0009904979 9.812279
-0.0073784646 0.010204542 9.815531
-0.033884272 0.009610241 9.804053
-0.07154481 0.0006505251 9.796499
-0.09336674 -0.15365072 9.8002
-0.01194993 0.05258513 9.799763
-0.11596413 0.11162157 9.797982
0.044356965 -0.061605472 9.812101
-0.047353573 -0.053575926 9.802114
-0.028002996 0.035536487 9.805024
-0.03436114 -0.0065297694 9.778319
-0.023097333 0.042619288 9.81432
-0.03223026 -0.05851391 9.79339
-0.029844716 -0.066096835 9.806732
-0.010501269 -0.016469326 9.790829
-0.0000582747 0.02135683 9.810839
-0.0721519 -0.13819218 9.795291
-0.03517482 -0.009750366 9.798814
0.016424133 -0.009015848 9.798417
-0.07132206 -0.027917588 9.804366
-0.0000503976 -0.03898004 9.799277
0.020707496 0.0745089 9.7998705
-0.029291684 -0.025783544 9.793811
-0.03199083 0.014914267 9.805124
-0.029152807 0.062352665 9.801064
-0.005801229 0.034822658 9.826375
-0.03950564 -0.09147938 9.779492
-0.042116288 0.0075603696 9.79839
0.03767807 0.058866475 9.787866
-0.01055165 0.009394059 9.805983
-0.038574383 -0.0011842671 9.799858
-0.12369322 0.012933309 9.802143
-0.027715616 0.02021619 9.800265
-0.006383335 0.0017347368 9.797894
-0.05352606 -0.015577776 9.803332
-0.034508947 -0.026094368 9.794646
-0.036167216 0.0030847967 9.797679
-0.017898252 0.010141606 9.800495
-0.13653976 -0.016816374 9.798908
-0.019006152 -0.034202866 9.799126
-0.022510435 0.016191997 9.799493
-0.02345705 -0.072107345 9.802885
-0.04414253 0.07625003 9.796104
-0.023917323 -0.03342764 9.81207
-0.0114087 0.015213588 9.802732
-0.06467951 0.004061297 9.800739
-0.00415856 -0.049428366 9.813391
0.08877435 0.12423172 9.811361
-0.14098231 -0.073907964 9.80654
-0.08697676 0.047366925 9.796162
0.104863286 -0.015040156 9.789454
0.0007152092 0.053378005 9.804308
-0.08117862 0.0069811805 9.798419
-0.09605287 -0.06383856 9.800072
0.13118619 0.0420756 9.797688
-0.098500185 -0.04761836 9.80502
0.0077777263 -0.0019310433 9.810974
-0.044410534 0.08331738 9.782813
-0.0738964 -0.07222575 9.802908
0.03223578 0.09925918 9.800205
-0.025610048 -0.044091787 9.802825
-0.10391863 0.066534564 9.797633
-0.031835563 -0.04790614 9.801773
0.26379517 0.055231366 9.8041315
-0.17792001 0.0035362244 9.803153
-0.5383224 0.04449346 9.798244
-0.318636 -0.031051137 9.801599
0.6682865 -0.06348872 9.800989
0.090676636 -0.070897765 9.796935
-0.022050139 0.111891136 9.80241
-0.032157708 -0.04946884 9.79673
-0.022398409 0.016944855 9.79689
-0.009866644 0.014596905 9.79527
-0.018009342 0.11029031 9.807606
-0.02180796 -0.07300441 9.79473
0.020440117 -0.027751014 9.813199
-0.026122944 0.051447175 9.794092
-0.046038233 0.019585865 9.802572
-0.035970323 -0.008734933 9.800924
-0.045490447 0.050197545 9.806239
-0.015071241 -0.09474994 9.802745
-0.07190698 0.044681475 9.790637
-0.024689838 0.049097564 9.792765
-0.022413779 -0.07494809 9.80335
-0.024314925 -0.07897952 9.7984705
-0.02853754 0.08219552 9.8015375
-0.025587857 -0.11742104 9.795691
-0.038278185 0.04611064 9.8025675
-0.025884444 -0.0038399491 9.795471
-0.018350303 -0.0483365 9.801184
-0.025178254 0.0068107126 9.803003
-0.017956857 0.019866321 9.798942
-0.0012116451 -0.07522015 9.80428
0.003039578 0.08164834 9.801012
-0.034893274 -0.06775858 9.800368
-0.019093178 0.049442783 9.795375
-0.08069462 0.066596694 9.802427
-0.017850043 0.0015510472 9.803416
-0.026220078 -0.016628494 9.794342
0.0049720015 -0.006139043 9.8064165
0.019168494 0.043749217 9.799394
-0.079123884 0.0075795003 9.805231
-0.034358736 -0.024808055 9.796564
0.02225243 -0.03896049 9.804514
-0.12604624 0.074856475 9.801368
0.029012218 0.006167488 9.785726
0.036856983 0.013314781 9.808402
-0.024510356 0.031508606 9.791056
-0.22695526 0.00936896 9.789114
0.03870597 0.035573818 9.818294
-0.10134673 -0.033882074 9.797488
-0.08068879 -0.029670758 9.800342
0.045393646 0.034005042 9.800616
-0.016140684 0.07205321 9.796569
-0.35718313 -0.012004034 9.80182
-0.5648565 -0.071720645 9.802692
0.10280269 0.1077018 9.795637
0.004635375 0.0144112 9.7969475
-0.064180985 -0.065310165 9.798567
-0.09962045 0.020658765 9.80145
-0.122636706 -0.069237605 9.796773
0.026619304 -0.0017732371 9.801413
0.9490068 0.080018304 9.80246
-0.013818074 0.007278803 9.801104
-0.03199371 -0.013364134 9.789745
-0.02516426 -0.09898994 9.790611
-0.0011050161 0.027997471 9.806965
-0.033704907 -0.07162045 9.7729845
-0.036934465 0.06850736 9.840148
-0.008297941 -0.038741264 9.786312
-0.018751925 0.07794641 9.797845
-0.025140963 -0.051629435 9.805827
-0.027379496 0.07054612 9.796886
-0.030577831 -0.08256643 9.80026
-0.049950153 0.09590636 9.795413
-0.018940536 0.031659666 9.797816
-0.009469557 -0.030257108 9.798523
-0.015739609 0.022081006 9.792599
-0.002878638 -0.04026743 9.8010435
-0.04327177 0.024837147 9.809084
-0.037172206 -0.018905114 9.801791
-0.042850886 -0.052446295 9.800606
-0.053001665 -0.0027254038 9.790291
-0.028701596 0.10531777 9.804452
-0.04037193 -0.21456553 9.813148
-0.029242638 0.028116867 9.804266
-0.02542933 -0.1005785 9.803637
-0.029598715 0.0008424004 9.799605
-0.030471114 0.059316076 9.791552
-0.027200857 0.010117624 9.800982
-0.028575357 -0.038229108 9.795745
-0.03296277 -0.02784128 9.799878
-0.027398808 0.099745266 9.803506
-0.03418335 0.027377449 9.799972
-0.010527287 0.0015805514 9.806872
-0.031486932 0.018994518 9.799097
-0.032924082 -0.058234878 9.814119
-0.026622713 -0.06891286 9.793378
-0.03414983 -0.032518238 9.798477
-0.021435548 -0.0012804109 9.804092
-0.033363394 0.06420583 9.788176
-0.027208935 -0.057743594 9.806127
-0.029609226 0.0048116115 9.800592
-0.026930427 0.15022461 9.796893
-0.020302825 -0.014176548 9.799976
-0.026972784 -0.027935294 9.795564
-0.026300387 0.053241 9.802645
-0.036764167 -0.05624521 9.787805
-0.003584925 -0.08033502 9.804392
-0.031217808 -0.047071192 9.794815
-0.044190653 -0.021500794 9.808199
-0.0055435253 0.008483256 9.794485
-0.015011025 -0.021652276 9.801576
-0.011147841 0.06569426 9.790032
-0.014858127 -0.19835474 9.809791
-0.01647749 0.038215693 9.80471
-0.031646132 -0.075276345 9.799885
-0.024053222 0.23445216 9.804383
-0.025540873 -0.092909865 9.784487
-0.031743005 0.07555333 9.798862
-0.035836965 -0.01562882 9.801486
-0.041599914 0.06589388 9.776393
-0.001111893 -0.11920506 9.821664
-0.022046749 -0.0727907 9.792472
-0.032116473 0.01026044 9.8081
-0.056627788 0.025602382 9.799857
-0.029487062 0.008931509 9.789772
-0.10594408 0.018737096 9.812485
0.050189808 -0.0000822732 9.7968025
-0.04953716 -0.0030784875 9.799975
-0.03621847 0.035072934 9.7956705
-0.025294252 -0.03657713 9.7959585
-0.026861705 0.019912088 9.807858
-0.0011861864 0.05556407 9.786901
-0.027453471 -0.0105263805 9.797398
-0.019516163 -0.13970819 9.814723
-0.06404385 0.015194308 9.797979
0.0027645417 -0.08668016 9.784446
-0.017498594 0.027093213 9.806067
-0.02901889 0.029639408 9.799076
-0.022887416 0.07519781 9.778404
-0.031405643 -0.120775476 9.81802
-0.025343837 -0.042439252 9.802176
-0.03129418 -0.018124284 9.798386
-0.02693386 0.02289117 9.802776
-0.024765387 -0.017184377 9.798377
-0.08678403 0.015202818 9.805011
0.024893695 0.05701524 9.794677
-0.02673069 -0.08733125 9.803719
-0.04776065 -0.041983195 9.792164
-0.009058978 0.12583922 9.808621
-0.02841255 -0.03593207 9.791623
-0.02781683 -0.033622485 9.808147
-0.0323756 -0.08712031 9.796201
-0.028042048 0.03706062 9.794137
-0.025471296 0.04334838 9.809164
-0.02863414 0.047565136 9.797243
-0.028778208 0.0066335364 9.7972555
-0.029647343 0.06775197 9.804442
-0.028581345 0.03725721 9.803256
-0.02985391 -0.068099156 9.79285
-0.027974734 0.05254703 9.800563
-0.025776695 0.098585084 9.799292
0.013280394 0.028157484 9.783891
-0.05935362 0.0486558 9.81982
-0.044307634 0.16770172 9.806836
-0.013821205 -0.036670424 9.791225
-0.009830469 -0.05421997 9.797864
-0.02523216 0.01297125 9.7982645
-0.020106407 0.054629426 9.791019
-0.008445173 -0.046140276 9.807404
-0.00893402 -0.025388654 9.791546
-0.014218031 -0.12043327 9.813604
-0.032531876 0.0003197464 9.792149
-0.028045768 -0.0058581694 9.808009
-0.030234706 0.024776928 9.798894
-0.021288436 0.005223133 9.801899
-0.050442223 0.0635549 9.790489
0.0011316836 0.08908527 9.809588
-0.018616796 -0.0438717 9.792312
-0.034925684 -0.05707101 9.799506
-0.015385479 0.05683294 9.794837
-0.022442421 0.011339557 9.7972145
-0.029159151 -0.01832882 9.7851515
-0.06541173 -0.011234631 9.817682
-0.009815514 -0.01431678 9.806993
0.022815358 0.02521354 9.806324
-0.012380336 -0.035275508 9.798437
0.013108002 -0.07530365 9.80162
-0.04322012 -0.07432693 9.796067
-0.047570378 0.059054025 9.811312
-0.009643026 0.025691628 9.785658
-0.024282414 -0.17385644 9.797874
-0.033715606 0.1168173 9.80778
-0.020412246 0.05960902 9.797895
-0.03289815 -0.22595392 9.803771
-0.016539156 0.08067516 9.803926
-0.16402097 -0.02863348 9.797652
0.0279727 -0.044301864 9.809087
-0.04613302 0.09646584 9.801594
-0.03514019 -0.08307174 9.801725
-0.028778343 -0.008102679 9.802603
-0.026983675 -0.016520709 9.79821
-0.03312232 0.04939317 9.79257
-0.02714257 0.0128900455 9.799131
-0.02113439 0.08360699 9.807786
-0.019882798 0.025077403 9.793992
-0.029585294 -0.02572693 9.802912
-0.030843481 0.071894445 9.801006
-0.022791367 -0.044175547 9.792799
-0.03195276 -0.0074829585 9.808365
-0.032294296 -0.12886545 9.800313
-0.025187708 0.045039546 9.796926
-0.023823705 0.04730574 9.805287
-0.037413716 -0.0041017137 9.803334
-0.024648761 0.013965277 9.800455
0.002366092 -0.019036228 9.785159
-0.037930682 0.030660365 9.804346
-0.072135486 -0.0982574 9.804024
-0.025402993 0.11376245 9.800181
-0.02770251 -0.03207263 9.793424
-0.02329433 -0.059547566 9.802269
-0.029953575 0.015270836 9.78882
-0.021772873 -0.0007746918 9.803791
-0.019971795 0.0025862064 9.798559
-0.034295067 -0.12052443 9.803272
-0.019926835 0.10553492 9.801376
-0.029224953 0.013967193 9.799099
-0.023756668 -0.13553253 9.795804
-0.03427841 0.12118148 9.802297
-0.028797356 -0.005284201 9.78716
-0.026252396 -0.037785336 9.801699
-0.029249864 -0.10746586 9.806053
-0.027182557 0.05133726 9.796611
-0.12564442 -0.078277364 9.806797
0.07645502 0.001013074 9.804264
-0.035472587 0.025940934 9.799413
-0.024135318 -0.12147766 9.800172
-0.031001369 0.10558829 9.790536
-0.011484824 -0.021325072 9.803369
-0.025834143 0.028673993 9.808519
-0.05021848 0.004958508 9.814696
-0.023874203 -0.012878909 9.788113
0.009141602 -0.061234135 9.797781
-0.043370605 0.13131787 9.801499
-0.030549154 -0.042514782 9.800008
-0.03446894 -0.056005873 9.797298
0.011421286 -0.07849652 9.791777
-0.051208314 0.009133546 9.810242
-0.008944053 -0.02659263 9.798714
-0.0003649779 0.11105287 9.793368
-0.034234423 -0.0014664466 9.821155
-0.040480297 -0.01910844 9.807907
-0.17562102 -0.06373562 9.802275
0.064379096 0.0165285 9.803196
-0.09178257 -0.037178043 9.795165
-0.04757174 0.020038825 9.801611
0.040046994 -0.040861353 9.800543
-0.1256991 -0.009342403 9.798016
0.07396488 -0.055436995 9.804108
-0.025102912 -0.024275152 9.795953
0.020745363 0.067760035 9.786983
-0.01571499 0.09903929 9.810442
-0.008436136 0.025474887 9.803529
-0.042380907 -0.044034738 9.796219
-0.054518815 -0.010043638 9.800131
-0.027365567 -0.085757755 9.800884
-0.12448013 0.044886507 9.817814
-0.10222995 0.020563612 9.782785
0.11952238 0.04706856 9.803644
-0.02702429 0.032089807 9.797781
-0.04558705 -0.11823857 9.779682
-0.011006994 0.11990982 9.823834
-1.1743156 -0.098154 9.794716
-0.072046354 -0.0589738 9.801149
0.12824166 0.15110476 9.800232
0.036005866 -0.013784947 9.807939
-0.14736593 0.04734314 9.795161
-0.12836786 -0.04605508 9.8016405
-0.038113464 0.03822159 9.798994
-0.01550214 0.015591734 9.799484
-0.07473748 0.14237577 9.806399
-0.04245756 0.06496271 9.797408
-0.014737768 -0.09537997 9.801222
0.3697486 -0.02901551 9.804283
0.64628255 -0.077395655 9.800337
-0.0024128724 -0.015062589 9.790903
-0.029107306 0.052125677 9.804894
-0.036457483 0.03381767 9.794886
-0.011363864 -0.08191512 9.789746
-0.030189995 0.07726312 9.814142
-0.028411593 0.05034796 9.792061
-0.034060333 -0.006286438 9.795484
-0.012178695 -0.021996908 9.811641
-0.036735 0.012560073 9.791967
-0.026857125 -0.058154732 9.804903
-0.03886877 0.16106814 9.80903
-0.020041153 -0.16003914 9.7801285
-0.046355747 0.046922695 9.817211
-0.02343738 -0.021862393 9.799035
-0.04735869 -0.03432077 9.802534
-0.02302535 -0.00853058 9.797658
-0.04402442 0.048414063 9.808331
0.0056838766 0.0052674566 9.800208
-0.031194998 -0.1536112 9.804915
-0.032765944 -0.02109233 9.795633
-0.030663889 0.102701895 9.805463
-0.023395224 0.066748925 9.796024
-0.030602653 -0.0071957465 9.790046
-0.1892235 -0.10630795 9.814074
-0.011833493 0.08305244 9.801711
-0.030903049 -0.032544665 9.80266
-0.029041773 0.049117267 9.799895
-0.02374306 -0.02818798 9.796821
-0.029322442 0.031482246 9.806648
-0.03090284 0.066045955 9.797471
-0.025785478 -0.163756 9.801262
-0.028869957 0.14424099 9.802545
-0.029084705 0.004870258 9.798357
-0.052378133 -0.028918378 9.79264
-0.015179178 0.04717794 9.809323
-0.024318092 -0.0035801246 9.800492
-0.023206009 -0.04212387 9.79994
-0.02926285 0.057273876 9.794894
-0.033881854 -0.029111033 9.800588
-0.015637461 -0.055664912 9.792905
-0.0048942026 0.118838735 9.802176
-0.059847817 -0.058196668 9.819953
-0.022783201 0.11707998 9.783741
-0.030332582 -0.042031474 9.8028345
-0.0316431 0.06715807 9.794594
-0.023061994 -0.04641754 9.794459
-0.004119981 0.006645539 9.78584
-0.06781787 0.0944018 9.81672
-0.038616 -0.041321162 9.799375
-0.021486914 0.04079811 9.799194
-0.023565788 -0.16246712 9.802864
-0.036005683 0.11628447 9.792684
-0.027758054 -0.15787978 9.803139
-0.03083116 0.01060527 9.804966
-0.012706479 -0.033889327 9.800969
-0.022954985 0.023508653 9.798799
-0.028368598 0.045250054 9.804946
-0.029399427 0.0063151764 9.795224
-0.028925428 -0.09983318 9.793185
-0.028848618 -0.02915997 9.794685
-0.024683043 0.065069444 9.818386
-0.04382643 -0.07339111 9.800732
-0.04231293 0.1269726 9.79609
-0.02858952 -0.05603559 9.802748
0.008073842 0.0606213 9.779235
-0.03053244 -0.01608989 9.819062
-0.03026916 -0.05885912 9.807285
-0.03145689 0.038843814 9.788826
-0.022462294 0.030360384 9.802639
-0.0113356225 -0.057328388 9.803335
-0.07631254 0.0035115583 9.812501
-0.020094188 -0.009525943 9.798643
-0.026209677 0.06223551 9.799515
-0.011552205 -0.0950048 9.801323
-0.02936307 0.06901458 9.799257
-0.029908614 -0.074016005 9.800126
-0.022928441 -0.030505888 9.799649
-0.032113902 -0.07261011 9.79637
-0.025383499 0.010591085 9.788525
-0.1777113 0.0923405 9.808794
0.10611185 0.012629629 9.79687
-0.028797006 -0.08196689 9.806544
-0.032777697 0.08418775 9.7978
-0.01360083 -0.053769052 9.79127
-0.035344206 0.11085052 9.810366
-0.03873497 0.056797937 9.789209
-0.026005859 -0.06490666 9.805991
-0.029072663 -0.082630575 9.788918
-0.028137464 0.007747738 9.80367
-0.035273753 0.09714824 9.797999
-0.041717634 0.066458136 9.797931
-0.018267313 -0.05790347 9.805734
-0.022415165 0.09060797 9.807408
-0.029065149 -0.021524685 9.777696
-0.02243145 0.07327289 9.811408
-0.030541154 -0.08398964 9.792243
-0.02948356 0.10797642 9.799292
-0.013785389 -0.044766065 9.804386
-0.044792116 -0.026633969 9.786066
-0.02826429 -0.002148399 9.81697
-0.03435139 -0.0065195053 9.798103
-0.021245366 0.02866975 9.801959
-0.015496754 -0.01295638 9.787335
-0.046428807 0.10559696 9.802533
-0.032696083 0.0742373 9.790769
-0.026790278 -0.06935215 9.815527
-0.026542244 0.025929427 9.792086
-0.067218214 -0.035098854 9.802876
-0.0423954 0.0028956821 9.80303
-0.004478886 -0.031741597 9.801002
-0.030604864 0.009886701 9.790998
-0.084567375 0.022884447 9.7958355
-0.021362979 -0.04060666 9.798813
-0.1495693 0.07989096 9.802598
0.09149134 -0.09815319 9.799865
-0.03671054 0.013580539 9.7881565
-0.006129142 0.08524848 9.811419
-0.049239486 0.029944103 9.786634
-0.029421648 -0.030807553 9.81092
-0.034101065 0.010028938 9.805672
-0.039144065 0.011028546 9.78924
-0.014430422 -0.045203112 9.797591
-0.040348835 0.045180496 9.792198
-0.030564943 -0.025217902 9.807603
-0.017260794 0.07594794 9.799145
-0.0143937655 -0.018112011 9.792516
0.017004155 -0.06663874 9.800348
-0.09497531 0.088015676 9.805575
-0.072663166 -0.08454606 9.801472
-0.033658028 0.034365427 9.794344
-0.014475363 -0.021600522 9.793765
0.06303102 0.074016795 9.803069
-0.120915405 -0.039490264 9.823646
0.07173948 -0.015533157 9.799777
-0.022468287 -0.012044234 9.790037
-0.019405317 -0.027162496 9.812504
-0.07814671 0.026018655 9.799422
-0.1011785 -0.052979678 9.7999525
0.015209097 -0.062903084 9.794933
-0.10288917 0.095394336 9.802897
-0.0099637415 0.0141036175 9.795507
-0.02313964 -0.06701426 9.802377
-0.08623886 0.09150666 9.800149
0.10173704 -0.075664125 9.810451
-0.04702369 0.09137338 9.801001
-0.030027853 -0.04800703 9.789594
-0.026031716 0.07150024 9.798553
-0.48899198 -0.015717406 9.812784
-0.5493705 -0.0011994808 9.79243
0.03363285 -0.033109624 9.801035
0.01993858 -0.06083895 9.801388
-0.07475354 0.026090385 9.792659
0.19057181 0.025352294 9.805526
0.6434492 -0.013706913 9.798498
0.06804598 -0.06252335 9.799168
-0.010166869 0.021179765 9.797795
-0.034667104 -0.016071618 9.804208
-0.02669242 -0.11652208 9.793894
-0.032272708 0.06288123 9.804288
-0.034804165 0.06815929 9.799485
-0.022245385 0.0033112902 9.801422
-0.034186527 0.003152933 9.803259
-0.038634893 -0.04319285 9.80258
-0.0184252 -0.015516121 9.797939
-0.024243424 -0.08035053 9.788219
-0.047526162 0.0764713 9.801856
-0.03525019 -0.07665277 9.812449
-0.1312663 0.12470712 9.798965
0.0755055 -0.059256304 9.781646
-0.027828878 -0.04632035 9.820863
0.006412236 0.11063947 9.760744
0.031798236 0.04880167 9.871593
0.0904316 0.19368756 9.796497
0.1340615 0.24176116 9.792914
0.17945653 0.27473345 9.796195
0.2138435 0.3564329 9.747624
0.059950948 0.49606588 9.865561
0.44001538 0.5859699 9.731542
0.57052565 0.4933059 9.771731
0.76787317 0.5205989 9.711852
0.737001 0.984216 9.683612
0.75218695 0.98184174 9.704559
0.9023618 0.8046549 9.84422
0.98469853 1.0804161 9.650383
0.9232196 1.1380267 9.648531
0.8256026 1.1979256 9.748212
0.9943259 1.001924 9.641703
1.0653037 0.9229499 9.663851
1.1360381 0.9614167 9.722989
1.0532825 0.7775196 9.757823
1.1980389 0.50303966 9.64812
1.2018943 0.36354882 9.650009
1.2634213 0.18958598 9.667194
1.3119636 0.1372661 9.640117
0.9118318 0.15923718 9.724723
0.9630894 0.3217513 9.77968
0.98140085 0.2584411 9.836505
0.706163 0.15214898 9.782566
0.57237494 0.1560434 9.806547
0.2230385 0.19309364 9.810001
-0.097411215 0.30778822 9.809974
0.38464946 0.2310894 9.790573
0.25550836 0.06035073 9.800462
0.285875 0.34151894 9.7887
0.20735994 0.1789628 9.795797
0.22822812 0.1867468 9.79933
0.15612198 0.2156933 9.795584
0.23887666 0.27502307 9.7943125
0.24728177 0.24839938 9.79313
0.16341585 0.21677932 9.789849
0.36549738 0.14994603 9.78773
0.270982 0.23017485 9.799919
0.23282696 0.23615795 9.803621
0.25692153 0.12070065 9.784633
0.23958252 0.21075773 9.802115
0.2498942 0.2183378 9.776589
0.26261634 0.14336413 9.813764
0.24117687 0.13051546 9.791694
0.26287034 0.106831364 9.796059
0.1796143 0.3672263 9.799433
0.26145798 0.1428043 9.793784
0.3373307 0.16489217 9.796547
0.26140714 0.16405469 9.794174
0.25761488 0.17844078 9.795826
0.2542947 0.16351257 9.805101
0.095629156 0.24207954 9.789383
0.38189337 0.281433 9.798512
0.25619552 0.10408977 9.788369
0.24901897 0.21679437 9.800541
0.27522513 0.17438458 9.793943
0.25825137 0.20300382 9.801482
0.24205826 0.18174878 9.794094
0.25220403 0.22554442 9.790647
0.2731793 0.15205607 9.795547
0.25375396 0.15118566 9.792259
0.22472587 0.17288364 9.802719
0.25976434 0.19703805 9.795109
0.24590814 0.08428484 9.785602
0.24426141 0.29250342 9.788682
0.23605353 0.29805785 9.798528
0.21171367 0.14575994 9.797141
0.20682633 0.17634441 9.7994375
0.216235 0.1368956 9.803357
0.17120893 0.34737492 9.791734
0.17807558 -0.075191215 9.779765
0.17437503 0.3360889 9.80476
0.15811725 0.013821632 9.805823
0.12481751 0.046136044 9.81158
0.13287826 -0.059846293 9.787779
0.07721927 0.1118523 9.800029
0.070772484 0.13569587 9.810303
0.035272054 -0.023448054 9.804729
0.034353945 0.0787909 9.787433
0.00103781 0.14199492 9.796148
0.056822814 0.08554342 9.805107
0.045344017 -0.039973494 9.792274
0.04789046 -0.04673823 9.808646
0.033633117 0.10719927 9.79874
0.035037056 0.18961906 9.793128
0.04040032 -0.1358175 9.808577
0.03304334 0.13545123 9.794002
0.047106467 -0.028919347 9.80458
-0.10737813 0.120415404 9.802862
0.07130156 0.010240834 9.800242
0.042518087 0.049340125 9.798893
0.04206658 0.113652155 9.79958
-0.03776638 0.055579193 9.804229
-0.019754967 0.059786573 9.802222
0.17141272 0.014646009 9.804623
0.03762671 0.11869885 9.797414
0.07501272 -0.013634659 9.80404
0.029056193 -0.001424402 9.798965
0.041219346 0.048419334 9.796706
-0.08790998 0.03106584 9.785358
0.09116185 0.015797935 9.816547
0.068119824 0.073048815 9.795091
0.060388263 0.17848948 9.803407
0.038708042 0.055085625 9.794132
-0.086522035 0.05856586 9.79504
0.09772192 -0.03457125 9.799627
0.04196855 0.076864265 9.803877
0.043638997 0.017075423 9.793936
0.038076364 0.09597775 9.800817
0.049111277 0.024754368 9.789402
0.040205944 0.0838373 9.807763
0.04777306 0.036831558 9.801634
0.040622905 0.073976986 9.799865
0.051691398 -0.036294404 9.792909
0.029147536 0.09444168 9.771587
0.04446145 0.06413603 9.826314
-0.78652465 -0.037479617 9.802423
-0.067562975 0.0007298812 9.796452
0.023964815 0.10137823 9.793075
0.02390576 -0.002768807 9.817956
-0.04446567 0.09194079 9.798604
-0.103547156 0.044116344 9.799054
-0.15070882 0.07396561 9.784735
-0.11066815 0.021736829 9.806038
-0.04972 -0.022293773 9.793002
0.17291982 0.05041054 9.812274
0.8958225 0.017309338 9.802674
-0.04922976 0.06030129 9.805924
-0.05430418 0.025358502 9.800066
-0.05659314 0.022827957 9.799742
-0.058134288 0.0372375 9.79987
-0.05915135 0.0521498 9.800173
-0.059669554 0.031789962 9.798707
-0.063583575 0.05092842 9.800503
-0.06124197 -0.0085588135 9.800551
-0.062626824 0.026600312 9.798986
-0.062085155 0.055584684 9.794215
-0.26499456 0.018947711 9.813693
-0.5621518 0.00907248 9.806975
-0.3271614 0.027271416 9.793355
-0.46799374 0.017610693 9.789786
-0.38864413 -0.01139462 9.79126
-0.38625875 0.08264021 9.787138
-0.38520002 -0.069441676 9.798755
-0.3450541 0.013112114 9.795724
-0.39564413 0.008058008 9.791533
-0.38882527 -0.0054172515 9.792617
-0.39104208 -0.0060519124 9.7914
-0.39725193 -0.038051203 9.786557
-0.38991857 0.08446843 9.780382
-0.39792937 -0.07734398 9.799904
-0.38979188 0.04543648 9.792572
-0.39193267 -0.010346767 9.796054
-0.39953214 0.000393104 9.792751
-0.3885272 -0.010408962 9.791814
-0.39357632 0.017241754 9.79345
-0.389509 -0.025168631 9.792845
-0.38869876 -0.024199072 9.788446
-0.3958144 0.009437326 9.797081
-0.39503086 -0.02184124 9.78859
-0.39297488 -0.013586154 9.793679
-0.3943559 -0.022559691 9.793925
-0.39165658 -0.037593473 9.780499
-0.3883995 -0.0071322015 9.787008
-0.3945665 0.014484156 9.795586
-0.3933969 0.007272469 9.794277
-0.39477006 -0.02619352 9.792755
-0.39492485 -0.02434177 9.792323
-0.3902033 -0.035653338 9.790895
-0.39442858 -0.012763954 9.797922
-0.39208993 0.0045052767 9.781839
-0.39670795 -0.056971543 9.801846
-0.39507502 -0.0323862 9.786263
-0.4072621 0.009839196 9.727691
-0.4057525 -0.0941453 9.860583
-0.38696727 -0.07984936 9.78513
-0.39614353 0.115759164 9.794505
-0.39032164 -0.04415218 9.791109
-0.38608456 -0.057444975 9.792018
-0.38978502 -0.10528234 9.793311
-0.3919022 -0.068220854 9.78979
-0.3861324 -0.009027652 9.784995