-0.10098693 -0.0439638 12.544037
0.045410924 0.0045707957 9.8013
0.0032569766 0.006650466 9.796215
-0.0028016884 -0.008627738 9.803514
-0.04564605 -0.018579653 9.801206
-0.09926592 0.06172573 9.803868
-0.15506296 -0.0067897984 9.799807
-0.09907138 0.028346905 9.79016
-0.079332754 0.024068682 9.79828
0.0006156005 -0.039644238 9.808364
-0.053042192 0.04807543 9.789073
-0.022723457 -0.043498367 9.813128
-0.0329851 -0.017088348 9.79111
-0.031104064 -0.04347475 9.796807
-0.011255495 0.023795245 9.806747
-0.036303945 -0.011358755 9.798551
-0.062275164 0.009135074 9.802648
-0.02520158 0.053539637 9.800139
-0.043460295 0.033502653 9.797604
-0.04774664 0.006136898 9.801823
-0.04537215 0.04274732 9.786165
-0.02330703 -0.043922193 9.8058815
-0.01579594 0.029556757 9.803778
-0.05318737 -0.05898495 9.79947
-0.044281043 -0.013954094 9.796083
-0.03156265 0.0028896516 9.797967
-0.038297653 0.06661048 9.791887
-0.03786289 -0.011634835 9.800566
-0.009185705 -0.04840414 9.813694
-0.062883876 0.05952525 9.792437
-0.003785871 -0.09675712 9.811704
-0.020870376 0.023216736 9.800356
-0.011611188 0.02400351 9.801053
0.9484318 0.038080066 9.8043165
0.015864603 -0.0018509808 9.800241
-0.029166875 0.016910179 9.801695
-0.03393003 0.033637688 9.800834
-0.035761535 -0.06154702 9.799553
-0.028868962 0.030041061 9.799319
-0.013706021 -0.011706261 9.800844
-0.037770346 -0.025444658 9.798051
-0.040507734 0.014414038 9.798675
-0.01344378 -0.016360603 9.800513
-0.03294436 0.10492262 9.798351
-0.031240871 -0.073955886 9.8026905
-0.025107358 0.021320853 9.7940445
-0.02306601 -0.022015674 9.804556
-0.02382413 -0.042029876 9.800023
-0.0388185 -0.112109445 9.800263
-0.02782918 0.03038701 9.801335
-0.03490102 0.06695476 9.7978115
-0.023470405 0.020596318 9.797932
0.0069455 -0.039333537 9.793974
-0.042014025 0.036761332 9.806025
-0.040166102 0.03982292 9.802139
-0.10590738 -0.04221182 9.800253
-0.006742118 -0.023534546 9.79606
-0.028355911 0.0023875711 9.803369
-0.022394836 0.051416524 9.798138
-0.040950436 -0.012095321 9.802324
-0.025132656 -0.010102971 9.799006
-0.027016649 -0.02163646 9.799739
-0.10728845 -0.014119342 9.798487
0.032337908 0.020567896 9.800942
-0.02344523 -0.0006065617 9.799033
-0.03632259 -0.0034912415 9.800439
-0.11847467 0.072792016 9.798949
0.08480242 -0.032774534 9.797607
-0.03561677 0.03161792 9.803523
-0.026210321 0.0007265166 9.800217
-0.030451527 0.0066798814 9.798618
-0.0249494 0.0370784 9.799847
-0.03053418 -0.03542075 9.799142
-0.030040653 0.025734024 9.801006
-0.025797313 -0.053051244 9.800584
-0.011696579 0.03582078 9.791542
-0.03138204 0.017696455 9.8047905
-0.036066316 0.008284605 9.793559
-0.025995282 0.011752087 9.801111
-0.017727796 -0.02939181 9.797466
-0.03748354 0.011419935 9.800018
-0.021968076 0.013414488 9.786537
-0.03374743 0.005920097 9.814963
-0.027692905 -0.010101685 9.793054
-0.11414158 -0.019011658 9.807065
-0.1741363 0.012163731 9.7983465
-0.7603724 -0.035341613 9.8013115
0.0037074387 0.023922922 9.796027
-0.0032641217 -0.056971893 9.805622
0.68383545 0.090341404 9.804123
0.09238172 -0.0061913976 9.800057
-0.031588446 -0.0072117187 9.800236
-0.019320957 0.025117416 9.801152
-0.044327717 -0.035487223 9.793055
-0.017454246 -0.019037018 9.804599
-0.042938177 0.014228055 9.799043
0.0010313988 0.077405326 9.786262
-0.055207707 -0.07752795 9.803241
-0.030880587 0.057266902 9.81329
-0.031128142 0.0057949624 9.799646
-0.023475444 0.01552056 9.791712
-0.028265793 -0.017104331 9.797912
-0.025729066 -0.06708992 9.796409
-0.03126515 0.020811735 9.79582
-0.03365069 -0.022292402 9.797538
-0.011127926 0.021725394 9.769298
-0.03817523 -0.07322637 9.829807
-0.024752885 0.03671113 9.797917
-0.027071875 -0.04025658 9.801663
-0.032356985 0.018009137 9.799403
-0.0038741454 -0.0001773666 9.801075
-0.051019143 -0.01673204 9.799898
-0.0069532557 0.032378886 9.800215
-0.05093184 0.022148274 9.794967
-0.023660477 -0.041929238 9.8064
-0.02837324 0.020586515 9.795681
-0.025683485 0.021951655 9.801829
-0.026426299 0.011379702 9.800071
-0.023298185 -0.0008976231 9.798583
-0.031767726 -0.009900006 9.802179
-0.0943327 -0.0018524141 9.798892
0.092150085 0.0018239395 9.799395
-0.020016078 -0.005922832 9.797935
-0.03818316 0.012139999 9.802783
-0.026327342 0.020271342 9.803361
-0.025135057 0.01056556 9.791047
0.0086128935 -0.070172064 9.764005
-0.07161156 0.05362951 9.84337
-0.023488943 0.008661814 9.803022
-0.042932376 0.013253375 9.800621
-0.02912307 0.016576983 9.804009
-0.0232853 0.0030189552 9.793205
-0.016432706 -0.029716462 9.799182
-0.035294175 0.009870681 9.800588
-0.03333865 -0.015298192 9.770673
-0.047070056 0.017091503 9.847257
-0.029302612 -0.040516507 9.797912
-0.036803443 0.070866406 9.803392
-0.033173013 -0.0920101 9.800462
0.0046743434 0.040383812 9.80266
-0.0113473395 0.016486693 9.795607
-0.040990617 0.05013954 9.80177
-0.024588468 -0.015664574 9.801263
-0.018993646 -0.01980229 9.791982
-0.04143323 0.011399463 9.812904
-0.016040746 0.007157402 9.800086
-0.03762205 0.023117183 9.799029
-0.01819994 -0.019943083 9.80063
-0.028253198 -0.04441682 9.803187
-0.034941725 0.057928193 9.789613
-0.02589203 -0.013608754 9.809355
-0.023081414 -0.008952701 9.80082
-0.03159828 -0.004482668 9.797347
-0.032284893 0.026870301 9.797504
-0.027162112 0.033509493 9.802932
-0.0054496564 -0.053505555 9.78716
-0.058787256 0.014871742 9.802148
-0.040427446 0.01887692 9.81643
-0.10331636 0.020205958 9.802675
-0.0037770998 -0.04332976 9.796243
-0.033580158 0.022173434 9.803693
0.023518423 -0.065192305 9.798511
-0.07656506 0.046163704 9.798507
-0.024921114 0.020420741 9.78866
-0.026939128 0.01728875 9.788411
-0.037756525 -0.04981607 9.815859
-0.030023443 0.008618158 9.796963
-0.16582645 -0.0076878276 9.802656
0.091333255 -0.03160333 9.796988
-0.007739622 -0.021225592 9.801338
-0.02099696 0.024651438 9.803659
-0.008039145 0.03792706 9.792208
-0.05794331 -0.0047385595 9.79803
-0.006228095 -0.07785533 9.801979
-0.01462207 0.019265626 9.798376
-0.051246516 0.02411045 9.79343
-0.027876904 0.014688014 9.800961
-0.016866941 -0.047887076 9.7986355
-0.022583704 0.046018362 9.801954
-0.042550497 -0.004405791 9.801172
-0.01767376 -0.05372766 9.800318
-0.03390422 0.0172261 9.799571
-0.014229013 0.008554773 9.801703
-0.11293611 0.03163926 9.794848
0.09412211 0.0020670432 9.802678
-0.008537933 -0.010045225 9.75626
-0.049561016 0.027182532 9.853744
-0.0000202879 -0.002387579 9.79524
-0.011120984 0.024778828 9.806765
-0.03834477 0.018160203 9.801321
-0.0051313527 -0.0021746967 9.795751
-0.03005917 -0.07656576 9.799883
-0.05332381 0.033534437 9.7660265
-0.031660028 -0.013982277 9.833039
-0.009321751 -0.034052677 9.798117
-0.04099685 -0.008103692 9.800632
-0.01565561 0.042877533 9.80357
-0.07124245 -0.03391736 9.801564
-0.0048895357 -0.039813247 9.797805
0.009248218 -0.022499861 9.799488
-0.021030225 0.10858538 9.802991
-0.0278902 -0.052576117 9.79623
-0.018463023 0.013023126 9.802496
-0.028169218 -0.030059898 9.798785
-0.031553704 0.008373308 9.802191
-0.026211416 -0.054931834 9.795364
-0.03725861 0.116209164 9.803286
-0.08233792 -0.008578732 9.802803
0.05665171 -0.020966286 9.801781
-0.038827114 -0.021019464 9.798294
-0.04051154 0.071469545 9.800706
-0.27706695 0.014344828 9.794458
0.19782165 0.02424844 9.80095
-0.044835713 -0.09003616 9.797679
-0.009184573 -0.10511089 9.799452
-0.02999915 -0.031911418 9.805688
-0.026154142 -0.0024237083 9.799952
-0.16803893 0.062196575 9.798753
0.03301052 -0.051449385 9.796539
-0.01925871 -0.11395007 9.788534
-0.0342238 -0.008327402 9.784855
-0.16809481 0.026569003 9.812219
0.11151683 0.01394769 9.795967
-0.097098224 0.023831919 9.802404
-0.7151724 -0.054639377 9.79427
-0.12165938 -0.0313004 9.8036785
-0.041828975 0.011557949 9.801138
0.03256175 0.004318505 9.79462
-0.024897272 0.03217298 9.790833
-0.09719415 0.009989287 9.81376
-0.11650656 0.0066929967 9.803122
-0.09945608 -0.027009178 9.791264
-0.044383667 0.0063451696 9.803508
0.042085055 0.06653214 9.804583
-0.042715386 -0.021471044 9.795552
-0.035885554 -0.02408178 9.795656
-0.040997975 0.032637857 9.8001795
-0.019018397 -0.036222752 9.798888
-0.033763345 0.0271208 9.799156
0.002152808 0.046218526 9.7976055
-0.032747332 -0.027847126 9.802028
-0.05737982 -0.008811097 9.796241
-0.059386566 -0.019371765 9.787614
-0.11348793 -0.006241986 9.793179
-0.033274323 0.016643403 9.789423
-0.007195659 0.057825465 9.80882
-0.0441082 -0.06728533 9.804521
-0.046031095 0.038263973 9.801984
0.009838488 0.02942025 9.798624
-0.06528519 -0.0003136686 9.801451
-0.03990256 -0.03650087 9.795004
-0.008719005 0.020668393 9.797934
-0.05752374 0.016570356 9.799762
-0.03712816 -0.0060935197 9.795359
-0.048276454 0.039029956 9.801196
-0.008751899 -0.05344907 9.799042
-0.057612896 -0.050642192 9.798115
-0.040303104 -0.00869013 9.803376
-0.008933891 0.095493585 9.797386
-0.054301977 -0.07521699 9.801572
-0.026082093 0.056694526 9.795573
-0.05153572 0.032267164 9.804281
-0.025688205 0.03174465 9.790397
-0.021673325 -0.043951742 9.8136635
-0.033336785 0.045413204 9.799603
-0.064442724 -0.00864497 9.799762
-0.012357494 -0.024764825 9.803752
-0.047744144 0.0006268271 9.796447
-0.0065653473 0.053405203 9.804392
-0.06403589 -0.043042626 9.800996
-0.024569122 0.040488232 9.804829
-0.025538052 -0.039850406 9.801232
-0.041262183 0.004217689 9.801894
-0.05422202 -0.034805432 9.797451
-0.021141516 -0.04203154 9.800274
-0.03898966 0.002901521 9.797137
-0.033890225 0.0004603459 9.796555
-0.026236923 0.059820868 9.804049
-0.042196386 0.0039589657 9.801586
-0.039981894 0.015270141 9.796556
-0.04120985 -0.05701194 9.798809
-0.03495255 -0.019602196 9.797468
-0.03985631 0.04247019 9.799207
-0.038604174 -0.092503786 9.800269
-0.016910926 0.1080718 9.799296
-0.0034549497 -0.05088869 9.801047
-0.13591377 -0.0074418043 9.750356
-0.038824495 0.02348515 9.79658
0.59639823 -0.010254818 9.690275
0.46905357 -0.02427497 9.934966
0.018798798 0.0054413867 9.800962
-0.0019857846 0.031023225 9.799228
-0.027215805 -0.018109234 9.79088
-0.03368235 0.01928861 9.812341
-0.020458352 0.050478946 9.795628
-0.02965908 -0.072757386 9.80459
-0.024645384 -0.05017766 9.798162
-0.03548538 0.037009735 9.797077
-0.020503264 -0.0022875506 9.801624
-0.03360203 0.024667239 9.8015
-0.02587059 0.008109936 9.800665
-0.028212555 -0.040601984 9.802342
-0.024349838 0.000868066 9.7963705
-0.018595915 -0.002614477 9.799416
-0.031571064 -0.0014307387 9.803065
-0.024880111 0.009594056 9.807056
-0.029167648 0.013807613 9.796466
-0.028497193 -0.012989341 9.80189
-0.03003989 0.0060849213 9.797132
-0.035239886 0.0061746426 9.804332
-0.022477295 0.021974394 9.800383
-0.027762253 0.03166449 9.797783
-0.02807106 -0.002476483 9.800865
-0.02707634 0.011020647 9.802139
0.013785251 0.014928299 9.798038
-0.02977584 0.010206023 9.805894
-0.025508385 0.01393921 9.800213
-0.026841475 -0.01259412 9.791064
-0.042200003 -0.024999408 9.796459
-0.015280716 -0.021253565 9.803406
-0.04160472 0.016680397 9.801833
-0.012590073 0.03308567 9.797449
-0.04378261 0.03223156 9.799931
-0.020729825 0.017961178 9.800261
-0.025254924 -0.024133235 9.796028
-0.026012085 0.021876158 9.800972
-0.02965865 -0.0011183342 9.800397
-0.033590913 -0.016344534 9.798717
-0.024617452 -0.010652699 9.801335
-0.04183548 0.06407986 9.795919
-0.027877847 -0.027992148 9.799081
-0.016553525 -0.0069091353 9.801807
-0.029215353 0.032369494 9.800731
-0.03197126 -0.02800873 9.798867
-0.029936787 0.063356675 9.802
-0.031500258 0.02136318 9.797057
-0.026238201 -0.0390107 9.799069
-0.03554271 0.018211609 9.799409
-0.027685687 -0.008525003 9.799238
-0.030033331 0.039785482 9.800525
-0.035495546 -0.03936738 9.797053
-0.019813478 -0.036129758 9.801165
-0.03341155 0.069946274 9.802617
-0.028495753 -0.008841879 9.799593
-0.016051022 -0.038616545 9.800535
-0.03672313 0.0035337787 9.799438
-0.01602444 -0.020361492 9.803324
-0.042425442 0.028602239 9.791889
-0.031009525 -0.024276838 9.804253
-0.030209675 0.0004558183 9.79909
-0.032540604 -0.017877128 9.800336
-0.022463739 -0.014241482 9.8003435
-0.029660098 0.08599768 9.799348
-0.020793755 -0.07064358 9.801739
-0.042935237 0.024098473 9.801078
-0.03102259 -0.019315418 9.801215
-0.015223348 -0.049063127 9.798423
-0.032536406 0.0052152723 9.802446
-0.02080052 -0.03226194 9.79622
-0.022822525 0.02214336 9.802602
-0.026501257 -0.04513318 9.79678
-0.029532935 0.028647473 9.801564
-0.032551274 -0.0024452577 9.798533
-0.09363487 0.013118239 9.803037
0.037530962 0.021565933 9.795173
-0.066232 0.027350519 9.799521
0.07972729 -0.0113255475 9.805361
-0.07344814 0.0071376506 9.800003
0.038771912 0.01984664 9.800123
-0.12251366 -0.02274481 9.796161
0.012408312 0.01332217 9.800177
-0.024406161 -0.002440667 9.797657
0.09382345 0.002764319 9.799892
-0.04787733 -0.04329623 9.80185
-0.11266741 -0.01754431 9.79932
0.08004647 0.018875957 9.798269
-1.1139956 0.03028048 9.798623
0.017934918 -0.003509746 9.801732
0.019910784 -0.032362293 9.795853
0.0385602 -0.005090056 9.792864
-0.0781163 0.05256375 9.806184
-0.16663322 -0.0025473125 9.800661
-0.098260425 -0.054197125 9.799099
-0.032381117 -0.011478699 9.797377
-0.056144573 -0.0019512697 9.800929
-0.024136331 0.04413717 9.803006
-0.007825652 -0.0697689 9.805579
-0.04268695 -0.006018001 9.797078
-0.026208283 0.046028197 9.799831
-0.050038666 -0.002124911 9.793686
-0.04189088 -0.0020442405 9.799755
-0.026364168 0.054024506 9.799406
-0.013882995 -0.0771882 9.80091
-0.03250381 -0.030702256 9.791636
-0.045379467 0.10690818 9.803127
-0.037365317 0.016372425 9.801744
-0.048677884 0.01740233 9.794009
-0.05550105 -0.059214886 9.810362
-0.058961764 0.020358898 9.797191
0.0055036843 0.010005704 9.799376
-0.033515014 -0.021062655 9.798103
0.010301411 0.028604737 9.805459
-0.09767558 -0.05947577 9.781572
-0.0929077 0.01023737 9.76274
-0.0062742857 0.0056384318 9.804973
0.011896305 -0.044755783 9.762164
0.06703153 0.053680774 9.824784
0.021486763 0.042647656 9.845239
-0.1043601 0.03158044 9.800024
-0.046521693 0.02605179 9.793273
-0.02072163 -0.054539803 9.809088
-0.021071797 0.022258887 9.803743
-0.017977023 0.024362244 9.799613
-0.121003985 -0.058385443 9.745391
-0.0035204599 -0.042970292 9.826074
-0.07352191 -0.0009441466 9.805425
-0.028406557 -0.022985244 9.801045
0.10851544 0.16501926 9.852032
-0.042614866 -0.16823411 9.807243
-0.06262453 0.07313166 9.797777
0.023519564 -0.0343981 9.809772
-0.022062093 0.02548345 9.8033
-0.044845566 0.010609551 9.794355
-0.031202285 -0.039994624 9.810775
-0.030576926 0.024267029 9.795307
-0.041215107 -0.045230187 9.796599
-0.073075205 0.13562003 9.792269
-0.031334568 -0.10460427 9.811846
-0.06793511 -0.08964392 9.713771
-0.012236059 0.12999871 9.878844
-0.0052840486 0.039662406 9.79403
-0.0575658 0.03274086 9.791311
-0.021067701 -0.13268991 9.804922
-0.043057837 -0.030527439 9.794336
-0.02467999 0.007168697 9.802018
-0.026442604 0.096219026 9.797979
-0.01794029 -0.040956624 9.799857
0.8872222 0.008184728 9.80294
0.15185253 0.012235091 9.801678
-0.035238493 -0.01720546 9.800537
-0.029439012 0.01656595 9.798599
-0.055298347 0.0040630605 9.798458
0.0014491286 -0.026587557 9.803158
-0.006849559 0.007932834 9.799996
-0.025593156 -0.025643853 9.793404
-0.030144697 0.023592874 9.802882
-0.028898288 0.04988497 9.798835
-0.029919585 0.013441554 9.803392
-0.030742792 -0.0047183945 9.796049
-0.02454321 0.01660562 9.80008
-0.029616643 -0.045751963 9.799076
-0.026360096 -0.036220036 9.798298
-0.078708984 0.054797046 9.795108
-0.0068595693 0.017230421 9.800733
0.03668534 0.034674898 9.791495
-0.029461114 -0.09420098 9.802933
-0.029917857 0.048344158 9.802007
-0.027058497 -0.031496566 9.799468
-0.027410083 -0.0465309 9.79988
-0.027928904 0.061461963 9.802598
-0.028845794 -0.029714873 9.803894
-0.028427137 -0.007686826 9.798539
-0.028628942 0.09015685 9.8005495
-0.025638191 -0.017946782 9.802751
-0.02821651 -0.012953145 9.796717
-0.03354779 0.04091482 9.797242
-0.02359233 -0.007846714 9.808616
-0.049595848 0.061386257 9.780251
-0.025228305 -0.016023042 9.814819
-0.026410384 0.030730456 9.805587
-0.029535934 0.005489531 9.797789
-0.032210886 -0.04106263 9.801447
-0.020937193 0.035192195 9.788474
-0.034095738 0.03835588 9.807598
-0.024575567 -0.06522014 9.803299
-0.029368378 -0.012658614 9.801777
-0.027785089 -0.061439186 9.79535
-0.027656205 0.008252864 9.8019085
-0.06819007 0.04073761 9.795917
-0.050863493 -0.019491667 9.805601
0.04128659 0.026228469 9.797016
-0.0321749 -0.010794523 9.80112
-0.028246883 -0.034960132 9.801607
-0.03336253 0.035681847 9.790889
-0.020695718 -0.024412103 9.80378
-0.029190538 -0.042174 9.794595
-0.029762879 0.021217702 9.780859
-0.026879782 0.06562276 9.823409
-0.02967484 -0.022398511 9.799122
-0.0276942 0.03395259 9.797429
-0.032233197 0.012546489 9.800777
-0.0229613 0.006447202 9.801407
-0.028555889 -0.06253528 9.801909
-0.030355148 0.026135145 9.8000145
-0.03669083 -0.11810874 9.811438
-0.023603402 0.03207841 9.78531
-0.02508364 0.002032518 9.803995
-0.03253954 -0.009803712 9.7967
-0.027510695 0.03208348 9.798596
-0.036562447 -0.034762993 9.809949
-0.035551704 0.02044854 9.805306
-0.0276373 -0.0023173694 9.800652
-0.104743645 0.0047333012 9.800201
0.13724913 -0.0065054474 9.795569
-0.032443076 0.00880175 9.801151
-0.089715414 -0.067509 9.804237
-0.012788466 0.081924014 9.798936
0.010860138 0.001397138 9.800372
-0.024334319 -0.041447356 9.795449
-0.02582448 -0.028855998 9.807494
-0.02824471 0.056075875 9.792651
-0.023268666 -0.02665814 9.802227
-0.075872354 0.013134053 9.798445
0.011491712 0.00382853 9.795975
-0.010431195 0.0074838684 9.799632
-0.024210818 -0.048484784 9.800084
-0.027262218 0.013205983 9.800995
-0.03236635 -0.009124711 9.800785
-0.024249282 0.04195201 9.802895
-0.03245759 -0.0578749 9.798218
-0.026647706 -0.007959603 9.790694
-0.031037569 0.08243327 9.811867
-0.02742199 0.0025854325 9.797343
-0.025383467 -0.09093643 9.80005
-0.03473638 0.041221507 9.799674
-0.028630177 0.068689555 9.784712
-0.024986472 -0.011362358 9.817208
-0.03086138 0.027032707 9.802194
-0.09926473 0.012377417 9.803374
0.11583916 -0.042412814 9.799663
-0.032959394 -0.02086276 9.795147
-0.04124796 0.0124122165 9.801487
-0.041938458 -0.006878176 9.802048
0.03934283 0.013179585 9.794144
-0.028598892 -0.06134935 9.806193
-0.03192787 0.028995706 9.79694
-0.023960978 0.008369249 9.80042
-0.021659274 -0.031398 9.799403
-0.036755994 -0.0034460165 9.800586
-0.024085946 -0.12142366 9.795515
-0.02899061 0.040437832 9.807439
-0.02657286 -0.013656218 9.796608
-0.026778588 0.043534674 9.802834
-0.029094959 0.062483266 9.801249
0.053110816 -0.08890909 9.799495
-0.029040895 0.047380503 9.799607
-0.029542644 -0.028280312 9.800886
-0.15853074 0.0022240744 9.789445
-0.012375584 -0.011585745 9.808082
-0.018358495 -0.1550935 9.80245
-0.030400656 0.10320744 9.803212
-0.033340182 -0.016132854 9.801562
-0.033853568 0.009609016 9.795341
-0.06658671 -0.0052771745 9.795959
0.012059329 -0.019124947 9.806656
-0.12220712 -0.015152431 9.799559
0.14244252 0.07011373 9.800104
-0.015370864 -0.026988814 9.798226
-0.12825392 0.09052643 9.799703
0.036629613 -0.116479374 9.798872
-0.1511385 0.11490409 9.80017
0.09770367 0.08065743 9.804198
-0.099020265 0.018062377 9.799497
0.005045591 -0.05318613 9.79308
-0.17990427 0.009840319 9.806752
-0.9618758 -0.030938594 9.796569
-0.014044488 -0.06707508 9.800984
-0.008393921 0.059026696 9.798924
0.024661582 -0.033056792 9.79056
-0.119344756 0.033397403 9.80579
-0.14134948 0.03421378 9.801
-0.064744405 0.0075446786 9.804361
-0.0623201 0.011125531 9.795612
-0.008293435 -0.009675234 9.806308
-0.035160523 0.026214313 9.798234
-0.058752455 -0.016953643 9.804166
0.0000578612 -0.007691044 9.798816
-0.039685782 -0.043661777 9.799468
-0.036142036 0.021589577 9.799895
-0.0395703 0.01743849 9.796945
-0.033512168 0.021305045 9.798444
-0.049889285 -0.010986616 9.796589
-0.02006667 0.04908085 9.801226
-0.0066058636 0.0026920408 9.801184
-0.0815034 -0.033316284 9.800235
-0.04038756 0.052168332 9.798598
-0.03895871 0.006033463 9.795898
-0.012247844 0.012887901 9.809008
-0.06662696 -0.10457605 9.797431
-0.029657885 -0.017031807 9.794798
-0.021220407 0.12731871 9.797173
-0.045411643 -0.0057232804 9.803671
-0.03218709 0.02468407 9.794622
-0.016194947 -0.0005983466 9.804863
-0.06286456 -0.09438857 9.794924
-0.040688712 -0.03489772 9.80694
-0.018671755 0.017433485 9.799024
-0.028686017 0.045408864 9.792133
0.017412443 0.035445318 9.797175
-0.20539293 0.08536912 9.750726
0.17638178 -0.07276564 9.845902
-0.13048765 -0.023233363 9.804509
-0.02608446 0.019272532 9.795749
-0.017056564 0.0054221456 9.799396
-0.02766671 -0.002731186 9.795118
-0.018641947 -0.0059786863 9.796014
-0.07860458 0.005693543 9.79855
-0.027913067 0.019344907 9.808283
-0.035433844 0.017210478 9.797162
-0.007877329 -0.057699002 9.800318
-0.030380577 -0.015525441 9.800686
-0.049493022 -0.010129847 9.799006
-0.048666425 -0.045388773 9.796658
-0.046929322 -0.034382056 9.801389
-0.050323073 0.01896303 9.795692
-0.01765604 0.09843255 9.788619
-0.044240735 0.008670658 9.816279
-0.038662173 -0.011455064 9.798084
-0.04162976 0.022614054 9.791888
-0.045921855 -0.09435063 9.808493
-0.024994578 0.030747553 9.795121
-0.038077258 0.03554854 9.800055
0.027286194 -0.008230629 9.807273
-0.0748918 -0.007256127 9.797951
-0.032523397 0.04582356 9.800874
-0.05445257 0.012842111 9.798067
0.08040786 -0.027266806 9.804163
0.9161123 -0.036230005 9.803168
-0.019985065 -0.047234014 9.799467
-0.033132214 0.074137285 9.798293
-0.033529807 0.07440971 9.795968
-0.027606262 -0.037948806 9.802253
-0.009437615 -0.024141718 9.799062
-0.041743815 0.042251818 9.802348
-0.02731023 -0.06315149 9.7982025
-0.024152689 0.011077746 9.801585
-0.032554798 -0.025879497 9.797881
-0.030531203 0.03371654 9.797897
-0.022410601 0.0003297519 9.800785
-0.031068515 0.016755655 9.797249
-0.028404575 -0.01773215 9.801258
-0.02737149 -0.025432317 9.800416
-0.028185593 0.016711278 9.798413
-0.029353037 -0.004400565 9.798858
-0.028446604 0.0001108016 9.799445
-0.027602034 -0.029394407 9.800807
-0.019842349 0.024314806 9.797125
-0.024596103 0.0288051 9.802883
-0.018956563 -0.014889104 9.798156
-0.025850931 -0.050780356 9.8005705
-0.028869685 0.0117126135 9.8029995
-0.026130434 -0.009429615 9.797098
-0.027005762 0.021852784 9.800315
-0.026056355 -0.02433038 9.803816
-0.0280329 0.016751759 9.800528
-0.0289924 -0.002636047 9.800108
-0.028913157 -0.014750496 9.802113
-0.02282631 -0.003492464 9.796597
-0.032600645 0.0000816964 9.804492
-0.025069118 0.0048278267 9.794217
-0.030689683 0.005539871 9.798958
-0.028286586 -0.018404542 9.800485
-0.02513575 0.013678045 9.798337
-0.02690369 0.024168186 9.802186
-0.025059462 -0.03750864 9.800792
-0.021664478 0.12867253 9.800628
-0.036891766 -0.09785047 9.798634
-0.11363247 0.03817896 9.793649
0.042815045 -0.08595228 9.797678
-0.03139788 0.06817427 9.80668
-0.027833743 -0.01683669 9.803181
-0.030089844 0.031791527 9.804869
-0.0058870045 -0.028538115 9.797457
-0.013206668 0.036392108 9.796799
-0.026556749 0.043843094 9.803699
-0.030360011 -0.08720165 9.797751
-0.027995676 0.02448559 9.800427
-0.029107576 0.011644788 9.800816
-0.07938364 0.03204503 9.79596
-0.030241162 -0.07463077 9.801987
-0.023432337 -0.027390677 9.798627
-0.036162324 0.0039657233 9.798269
-0.17222907 0.03441835 9.795557
0.11718201 -0.09790094 9.801149
-0.039259 0.089665525 9.802762
-0.018958457 0.030753216 9.792466
-0.04287405 0.015185972 9.808274
-0.029170759 0.0035945359 9.800138
-0.021142552 -0.04009048 9.795309
-0.03769728 0.09989501 9.80469
-0.017730098 -0.058333866 9.798038
-0.020533146 0.08768139 9.796152
-0.04130967 -0.008830961 9.804958
-0.03263087 -0.022123532 9.800122
-0.02077484 -0.06304613 9.77335
-0.029559312 0.073780246 9.810586
-0.027240666 -0.04132367 9.7978325
-0.039587248 0.008904764 9.801456
0.012608681 0.091072 9.783822
-0.049445592 -0.09492648 9.817522
-0.027449455 -0.01179031 9.800473
-0.021470342 0.013776097 9.801281
-0.025987914 -0.03830686 9.795114
-0.041527107 0.036273416 9.799753
-0.020803217 -0.010642552 9.799063
-0.034952655 0.070983216 9.796523
-0.022510277 -0.022537485 9.799358
-0.03601001 0.021911323 9.797959
-0.021825137 -0.0023916988 9.798992
-0.019286465 -0.0015117453 9.802583
-0.034397095 0.0070221163 9.800495
-0.032106724 0.007084991 9.801677
-0.023698803 -0.0107293865 9.798338
-0.029557083 0.03659589 9.800327
-0.015972117 -0.077792004 9.800253
-0.037346628 0.066207595 9.798645
-0.028310705 -0.034643188 9.801573
-0.026241602 -0.015248525 9.800705
-0.7973126 0.016308637 9.80074
-0.16628857 0.016455326 9.800931
0.030781757 -0.064354524 9.797802
0.017503146 0.08354863 9.798379
-0.08097696 -0.0530066 9.79425
-0.054283984 0.022089932 9.802952
-0.16300339 0.023910452 9.803854
-0.08057816 0.03689498 9.791326
-0.079128936 -0.0719833 9.809333
-0.016473416 -0.008131133 9.787004
-0.06426693 0.109579474 9.793808
-0.009873651 -0.007495226 9.811056
-0.021066919 -0.05143517 9.805262
-0.009099919 0.04731858 9.800541
-0.11513697 -0.04490689 9.718631
0.04140022 -0.0053631812 9.809591
0.034091983 0.032017592 9.868555
-0.058617808 0.06360379 9.801276
-0.025991771 -0.07950605 9.799268
-0.030558027 0.019934215 9.800996
-0.049454845 -0.015830452 9.804004
-0.024882494 -0.029078223 9.80211
-0.03549833 0.039020475 9.787377
-0.03486549 0.0009109504 9.806605
-0.036918327 -0.09066041 9.793299
-0.0051158946 0.022393502 9.796678
-0.04057459 -0.01540266 9.817303
-0.016179666 -0.03417186 9.804651
-0.011335645 0.055072542 9.787984
-0.101072736 -0.014952258 9.816192
-0.029187443 0.0015278683 9.791545
-0.010422368 -0.031113451 9.812315
-0.031033378 -0.007210283 9.799973
-0.045634575 0.026180537 9.800437
-0.06537854 0.08804297 9.798158
-0.018817572 -0.036607288 9.795263
-0.032631095 0.002141046 9.796281
-0.05822956 0.028411977 9.801739
-0.03244387 -0.0301586 9.809543
-0.02989413 0.017378677 9.794172
-0.11799802 -0.053489253 9.809
0.04802722 0.037936594 9.794587
-0.028677281 0.039718825 9.792349
-0.029692233 0.03560902 9.796493
-0.03675982 0.01005425 9.803377
-0.019210538 -0.027235469 9.80171
-0.05068311 0.032417342 9.794824
0.0018035881 -0.06858669 9.819184
-0.036507484 0.011487908 9.804667
-0.022349637 0.043460425 9.796462
-0.026628612 0.0010949881 9.801084
-0.060826033 0.036572374 9.798561
-0.042605117 0.06972823 9.797858
-0.033895526 -0.054335754 9.793815
-0.032202806 -0.016111005 9.805404
-0.052257888 -0.0906774 9.792224
-0.017561043 0.151512 9.804795
-0.051097173 -0.10853244 9.783083
-0.0050188797 0.03497381 9.82137
0.047730073 0.11446149 9.80794
-0.04955432 -0.05488437 9.801651
-0.062228 0.015564841 9.790748
-0.01919619 -0.045427367 9.81139
-0.042288654 0.1372622 9.796173
-0.007221706 -0.14287347 9.8052
-0.056042448 0.0128352875 9.799188
-0.026515773 -0.0012655413 9.801423
0.44112712 0.0683303 9.800296
0.51696265 -0.046717875 9.797362
-0.02738887 0.062479742 9.801916
-0.031937677 -0.066492416 9.804084
-0.022247843 0.018014023 9.796996
-0.038890537 0.04872036 9.798914
-0.02600296 -0.059032883 9.800007
-0.028836135 0.02464655 9.800602
-0.035686664 -0.041807767 9.797317
-0.019810256 0.033411436 9.80108
-0.030863138 -0.026731431 9.802085
-0.02460937 0.01724386 9.797925
-0.031450704 0.008903441 9.799884
-0.03281077 0.0035343987 9.798216
-0.028270947 0.01659675 9.789923
-0.025594246 -0.028459365 9.801334
-0.017486049 0.0053708227 9.797678
-0.03261305 -0.056495212 9.81668
-0.022645786 -0.003987659 9.796663
-0.02546507 -0.036874224 9.797375
-0.031751864 0.013519429 9.802719
-0.033469547 0.02938625 9.800561
-0.012029339 0.008065086 9.800966
-0.04214622 0.0011461083 9.797894
-0.028494665 -0.007242495 9.799809
-0.025461812 0.012485332 9.801964
-0.022335585 -0.02539534 9.798042
-0.03530965 0.037744164 9.804154
-0.036259383 0.015505266 9.800609
-0.020297883 -0.021867637 9.798182
-0.030283445 0.015923953 9.801016
-0.035025094 0.016581908 9.793019
-0.036935683 -0.0385296 9.805909
-0.025497809 0.022117134 9.799484
-0.027259102 0.0047723977 9.799307
-0.027116008 0.0763351 9.788597
-0.024754625 -0.06582992 9.814831
-0.03467599 0.01519542 9.799199
-0.027192073 -0.04336135 9.798533
-0.023518652 0.00821209 9.799146
-0.04183437 -0.03337496 9.795093
-0.016108368 -0.0031340828 9.804113
-0.040855687 -0.029327514 9.797939
-0.011162991 0.007894928 9.805637
-0.020207785 -0.0021618532 9.798226
-0.034178235 -0.02025555 9.783024
-0.028798915 0.01131435 9.794216
-0.0111708455 -0.051039953 9.807753
-0.029652653 -0.0039086267 9.798604
-0.031884454 0.03882434 9.800996
-0.037398033 -0.003569817 9.798482
-0.024798531 -0.07153829 9.794204
-0.023866951 0.03765132 9.803217
-0.020271849 -0.007246855 9.793787
-0.030481884 -0.016070183 9.817548
-0.019036679 0.021052431 9.799849
-0.019005524 -0.03863638 9.797687
-0.031304862 -0.0079869265 9.7977085
-0.035172287 -0.03618668 9.801794
-0.033809293 0.035430763 9.801097
-0.02999131 -0.025601612 9.795772
-0.032241736 0.03854131 9.802076
-0.03345641 -0.016727984 9.800789
-0.033050567 0.064793095 9.783504
-0.020807024 -0.08421303 9.815558
-0.023520589 0.040055867 9.802248
-0.027734604 -0.008736789 9.799967
-0.034958363 0.023812473 9.797999
-0.028539281 0.06220284 9.794557
-0.018484367 -0.051649306 9.804905
-0.03153573 -0.032598965 9.804438
-0.027847214 0.028381946 9.797238
-0.035824537 -0.029861558 9.804309
-0.020847503 -0.013250706 9.80014
-0.038827553 0.023584705 9.797487
-0.033989802 -0.067775145 9.796816
-0.021143459 0.07641716 9.802349
-0.032608803 0.02548843 9.803171
-0.036211222 -0.010065376 9.798364
-0.020226123 0.011522807 9.802591
-0.030256204 -0.022775885 9.801475
-0.011899516 -0.007553584 9.79735
-0.031852677 0.0003488072 9.800187
-0.032888036 -0.006208319 9.798395
-0.031585325 -0.0528274 9.801925
-0.013144139 0.05093504 9.795381
-0.04097896 -0.0004029468 9.804215
-0.040600155 0.016016632 9.797399
-0.018922772 -0.02472973 9.800934
-0.027553193 0.03676684 9.802671
-0.036884055 -0.011409004 9.801738
-0.021042656 0.0036304025 9.797842
-0.04102209 0.03677251 9.797539
-0.013540087 -0.03169056 9.804143
-0.026427388 0.028918592 9.799761
-0.010392275 0.0045707803 9.801124
-0.025149284 -0.017953144 9.8010025
-0.035515226 0.00547551 9.795049
-0.029649654 -0.013512919 9.805031
-0.03218421 -0.039898206 9.798388
-0.0124389995 0.015663456 9.800495
-0.02935758 0.007143609 9.797327
-0.014431881 -0.008470328 9.804352
-0.030403323 -0.0038737473 9.80132
-0.009841388 0.054305404 9.795697
-0.040927738 -0.013470116 9.802742
-0.03137198 -0.011887539 9.795615
-0.033987608 0.010026036 9.801945
-0.015011649 0.0048492085 9.803601
-0.020462146 0.00209472 9.790516
-0.042539254 0.025251633 9.798655
-0.024057437 -0.03163755 9.80458
-0.032251224 -0.040791843 9.798607
-0.038607758 0.063531905 9.794237
-0.03981952 -0.03816957 9.80404
-0.03330773 0.016209543 9.801965
-0.018756527 -0.0001913567 9.800085
-0.021863148 -0.020138076 9.801877
-0.041876376 0.019415792 9.801509
-0.040623806 -0.04379963 9.800795
-0.027025875 0.060997054 9.799966
-0.028802555 -0.043557715 9.801584
-0.01461398 -0.0011215707 9.7975
-0.029361289 0.021609386 9.801569
-0.03137293 -0.024483368 9.799045
-0.018513877 0.0031345366 9.799436
-0.029336357 -0.010834932 9.80027
-0.023391567 -0.011418425 9.796138
-0.032191176 -0.016159704 9.797593
-0.03983759 0.0036570635 9.800344
-0.029073881 0.03888524 9.799739
-0.025540316 -0.013952174 9.800735
-0.031339094 0.014128103 9.797797
-0.031755753 -0.033931233 9.803173
-0.033398937 0.015855838 9.796429
-0.031274714 0.03364424 9.79984
-0.029127203 -0.026236825 9.801945
-0.028326986 -0.01787722 9.799541
-0.01597409 -0.045260098 9.798568
-0.029449992 0.019840172 9.796781
-0.030134251 -0.002946706 9.803978
-0.028710531 -0.0015891587 9.7956
-0.012676891 0.008793958 9.804791
-0.039557528 0.026825916 9.797737
-0.033992834 -0.10271017 9.79901
-0.016304173 0.04873655 9.802252
-0.02275813 0.035939846 9.796415
-0.032607745 -0.004528605 9.79746
-0.026464017 -0.008363769 9.804073
-0.017490925 0.014824099 9.799679
-0.018060341 -0.0020648073 9.801262
-0.19277868 0.0025613864 9.793691
0.121726476 -0.015197646 9.806092
-0.7411222 0.0099571785 9.799918
-0.19511941 0.02875506 9.800074
-0.009840902 -0.043112334 9.795314
0.045416966 0.10446214 9.799525
-0.07188243 -0.111153945 9.800673
-0.12456146 -0.012993366 9.79807
-0.1688605 -0.03471039 9.8045845
-0.02522844 0.029176755 9.8099165
-0.04287125 -0.091920786 9.785506
-0.050737225 0.06623952 9.795056
0.014658693 -0.05424513 9.801048
-0.007130038 0.048107106 9.803094
-0.032773092 -0.0127878385 9.800345
-0.107024476 -0.013162958 9.795884
-0.028046925 0.013885644 9.801488
-0.047898084 -0.030199755 9.799766
-0.08360662 0.034117892 9.804071
0.056333438 -0.016306622 9.799162
0.0072662085 -0.034607615 9.788472
-0.119847395 0.027221154 9.809325
-0.06601724 -0.03290378 9.79589
-0.05321333 0.008185257 9.802852
-0.06272903 0.005408705 9.797114
-0.020921618 -0.0181961 9.802978
-0.045417175 0.020764483 9.797529
0.073980495 0.0033522793 9.802636
0.8645212 0.030132731 9.8012085
-0.0045411605 0.012094788 9.789328
-0.021356078 -0.041692745 9.800654
-0.5621222 0.017460963 9.798109
-0.40453342 -0.0078695975 9.800164
-0.005250588 0.020208774 9.800432
-0.0543733 -0.09126292 9.805609
0.008083656 0.021662645 9.799957
-0.06662317 0.026115533 9.797384
-0.068987615 -0.0074581313 9.786723
-0.096298695 0.045264415 9.801546
-0.06951323 -0.025889637 9.792469
-0.046701305 -0.0036651494 9.794909
-0.021691438 -0.017076397 9.806982
0.036004502 0.011970872 9.802767
-0.11824061 -0.0584768 9.80137
-0.07840976 0.04795592 9.797853
-0.03905603 0.06559526 9.803674
-0.029525952 -0.03357235 9.800308
-0.14641969 0.01173251 9.798437
-0.016171834 0.029084599 9.8016815
0.019298047 -0.03086373 9.801939
-0.095534965 0.010854516 9.79929
-0.06642409 -0.0035777984 9.7985325
-0.030790476 -0.006461618 9.800417
-0.06911884 0.0130698 9.797545
-0.07021159 0.039215453 9.775563
0.12626499 -0.029048195 9.830728
0.87282264 0.024935113 9.801513
-1.0611761 0.026656918 9.795593
-0.008647691 0.003090915 9.803957
0.06518064 0.020630358 9.796332
0.045040928 0.015904503 9.797091
0.06577851 -0.036521286 9.805004
-0.08279921 0.0027247986 9.790091
-0.13528343 -0.02694304 9.803896
-0.12683147 -0.023125945 9.799244
-0.09749238 0.004223263 9.800616
0.10725957 -0.012084255 9.799224
0.8514895 0.069644645 9.803105
0.01595691 0.009313639 9.79313
-0.022439014 -0.0346293 9.801399
-0.023285793 -0.03106549 9.799923
-0.03387758 0.06544063 9.790036
-0.029942814 -0.049046323 9.802093
-0.032028254 -0.037967842 9.808855
-0.03362337 0.0017934619 9.802767
-0.028206948 0.0139004085 9.796761
-0.026674293 -0.08739988 9.80155
-0.017159972 0.0024762214 9.799336
-0.028866451 0.08203112 9.796909
-0.03620406 -0.027696474 9.805269
-0.028358903 -0.005364701 9.799718
-0.026391353 0.023885066 9.807951
-0.026461711 0.0008443617 9.795504
-0.024875157 -0.017368823 9.804094
-0.009835061 0.046492882 9.789839
-0.0014901906 0.042812433 9.804486
-0.049333572 -0.09981314 9.794263
-0.024081428 0.03454941 9.805193
-0.1458849 -0.0113813225 9.795176
-0.03357748 -0.052060008 9.799928
-0.023587378 0.09381929 9.806063
-0.01951695 -0.021026827 9.800804
-0.027349945 -0.052781858 9.797389
-0.032024443 0.008637883 9.791031
-0.0283932 0.03161299 9.805389
-0.02663982 -0.01012854 9.797272
-0.02385198 0.06898912 9.792605
-0.034916162 -0.0033871548 9.806064
-0.020814039 -0.04232869 9.798014
-0.02732414 0.034700543 9.801392
-0.027478883 -0.012151997 9.799723
-0.024010096 0.054105688 9.797446
-0.0336182 -0.008252371 9.806893
-0.031050814 0.02714399 9.798798
-0.01852392 0.027706938 9.801698
-0.031920318 -0.09783119 9.797867
-0.12599342 -0.037170336 9.796225
0.055368185 0.030535763 9.80807
-0.12419893 0.013721658 9.7975
0.0664156 -0.027313724 9.798004
-0.02566613 0.052154336 9.797656
-0.03302693 -0.040888786 9.802444
0.019564042 0.025466776 9.801888
-0.09925692 0.028784266 9.802454
-0.017141087 0.041123074 9.795679
-0.0704152 -0.040849227 9.802387
0.053991042 -0.05483214 9.800314
0.084675975 0.07065706 9.800189
-0.1470092 -0.037370108 9.800613
-0.026250586 -0.018073924 9.800358
-0.22407258 -0.01751302 9.799747
-0.8681363 0.056900065 9.794196
0.013081981 0.028793799 9.803695
0.026969828 -0.027366767 9.796509
-0.01633534 -0.014290417 9.792238
-0.07179024 -0.010107003 9.807833
-0.13480364 0.012073123 9.796356
-0.030226678 0.013370842 9.802228
0.83763474 -0.013261619 9.798965
0.08523274 0.007296441 9.803918
-0.03154903 0.06331674 9.801906
-0.02658312 -0.0287003 9.798904
-0.031474132 -0.0009440502 9.796415
-0.021392737 0.051298436 9.801322
-0.027282363 -0.045805763 9.798909
-0.026468847 0.018106502 9.795516
-0.026483033 -0.004877882 9.801316
-0.028008625 0.033800725 9.790709
-0.029587997 0.005443491 9.808808
-0.026192129 -0.022236602 9.800266
-0.029517261 0.010583809 9.799777
-0.029842746 0.016209843 9.801397
-0.030393517 0.011541993 9.799894
-0.027413694 0.026810247 9.800414
-0.02309253 -0.026245154 9.798815
-0.032269668 0.025525045 9.8036
-0.028651878 -0.0093964 9.799061
-0.025402613 -0.017744627 9.798084
-0.023287399 -0.012912772 9.798267
-0.032473613 0.034055453 9.801901
-0.036789365 -0.10324707 9.793304
-0.01979449 0.054330103 9.806386
-0.13163409 0.00899513 9.798498
-0.02710093 -0.029688243 9.802064
-0.027102085 0.0036482792 9.800672
-0.027529014 0.009711116 9.792582
-0.02949596 0.0099139 9.805888
-0.028768443 0.01927563 9.7971945
-0.028246503 0.0017274822 9.7986965
-0.027597079 0.0046560257 9.803519
-0.026735207 -0.047538366 9.794008
-0.029579021 -0.006301308 9.800119
-0.027821671 0.018799342 9.80379
-0.028868545 -0.01878275 9.801542
-0.02744696 0.050959054 9.796628
-0.031220073 -0.082871854 9.797746
-0.025786275 0.05233203 9.804361
-0.027876914 -0.031948987 9.794192
-0.026547719 -0.0040255394 9.800447
-0.022512231 0.036913987 9.805051
-0.031327635 -0.10243306 9.802187
-0.03448136 0.021734146 9.798815
-0.025125716 -0.002419858 9.799039
-0.088859856 0.006390478 9.805718
0.023840843 0.010215219 9.794324
-0.029158954 0.012102521 9.798694
-0.021418784 0.015298881 9.798591
-0.023895849 0.04216796 9.7999525
-0.020618906 -0.03695405 9.803078
-0.026814211 -0.011740285 9.800506
-0.12456547 0.012988206 9.802795
0.04373091 0.023911942 9.79679
-0.024415141 -0.0005257307 9.798999
-0.02911651 -0.049153395 9.79706
-0.024398275 0.03193921 9.806257
-0.029282331 0.028432632 9.798304
-0.02811653 0.0024352581 9.799247
-0.030852271 0.018700318 9.803709
-0.023562033 -0.009337627 9.798142
-0.027298415 -0.015493436 9.798581
-0.023417354 -0.0002567494 9.798589
-0.031245241 -0.10143866 9.801479
-0.028349675 0.03515951 9.798565
-0.020602673 0.026221206 9.795425
-0.04093657 -0.022930698 9.804759
0.0044907276 -0.0006681957 9.800421
-0.01914581 -0.032340437 9.800237
-0.07313411 0.05150581 9.801219
0.019388432 -0.012481063 9.799393
-0.03151927 0.034623098 9.799975
-0.023361111 -0.047713697 9.803681
-0.08454141 0.0076778177 9.800362
-0.073729396 0.04246821 9.7980585
0.08308503 0.030770509 9.801093
-0.015448319 -0.062248074 9.800333
-0.0299873 0.040970292 9.799085
-0.023524102 -0.0029558018 9.8012705
-0.02088125 0.029630398 9.8001585
-0.023659848 0.016492741 9.800143
-0.035029195 -0.022379778 9.798596
-0.019313382 0.041401386 9.798314
-0.03077607 -0.055833437 9.802876
-0.026416013 0.02899625 9.806403
-0.027634542 -0.005586126 9.7987585
-0.029729135 0.022928607 9.80006
-0.013734986 -0.04801456 9.794958
-0.20685835 0.026306458 9.787207
0.14022748 -0.045192413 9.810706
-0.021417232 0.013313165 9.793745
-0.027360125 -0.023946846 9.795309
-0.032789283 -0.023882316 9.79394
-0.027651584 0.06482313 9.803602
-0.027326241 -0.011632617 9.799932
-0.027105035 -0.022099588 9.802361
-0.117066026 0.039913952 9.80282
0.040681113 -0.042385843 9.80065
-0.1691905 -0.018779904 9.800435
-0.31643137 -0.0051847785 9.795959
-0.37857437 0.039890043 9.8007
-0.011643928 -0.020791873 9.7989435
0.03926521 0.045839146 9.796579
-0.08256989 0.011610725 9.803013
-0.117577925 -0.01628965 9.810274
-0.120613664 0.033998333 9.798576
-0.08583083 0.009469286 9.798003
-0.027681401 -0.027824318 9.797661
0.012341544 0.017828356 9.80399
-0.042040117 -0.017290274 9.801455
0.014360335 0.008023173 9.798267
0.8504195 -0.06840391 9.80238
0.08549554 0.030341784 9.796966
-0.029799143 -0.03950295 9.805859
-0.034170385 0.017220678 9.795133
-0.030429367 0.024877189 9.804262
-0.02424948 -0.02489743 9.798848
-0.029814461 0.074824795 9.791906
-0.037797615 0.006651617 9.80447
-0.026463928 -0.0145120155 9.79998
-0.026229229 0.012458892 9.803236
-0.033526853 -0.037110064 9.799364
-0.03229713 0.036290783 9.793809
-0.018486967 0.0038655694 9.796697
-0.027269147 0.029495332 9.7946
-0.0360302 -0.031199038 9.81285
-0.08104606 -0.018815216 9.798855
-0.056078102 0.11790098 9.801163
0.045578543 -0.02708317 9.803386
-0.11411872 0.036688764 9.80658
0.056549378 -0.048473485 9.795492
-0.015674554 0.030488774 9.7972
-0.0316808 -0.05833754 9.804574
-0.029414112 -0.031079328 9.804037
-0.03195431 0.02498032 9.79484
-0.09985884 0.01881162 9.802281
-0.0056851357 0.025101345 9.798054
-0.14386961 0.0059582083 9.799272
-0.0002357662 -0.008198747 9.806052
-0.057590295 0.02260169 9.795708
-0.9966245 0.024712348 9.802828
0.03226383 -0.0044384715 9.797915
0.5401361 -0.049878594 9.80256
0.2887461 0.018824765 9.798404
-0.030624093 -0.0032795288 9.801349
-0.022843162 0.0020608671 9.799111
-0.039284542 0.041417833 9.798951
-0.021075983 -0.026888601 9.8021965
-0.036450032 -0.0000426675 9.799477
-0.015351768 0.058522698 9.7916155
-0.043671817 -0.0028447323 9.809544
-0.021481093 -0.077239275 9.793181
-0.02030269 0.073477164 9.802026
-0.026661642 -0.029279184 9.799979
-0.020273458 0.011903998 9.802373
-0.015915643 0.011578538 9.790007
-0.03094229 -0.023219112 9.815835
-0.033417508 0.016953627 9.804439
-0.026605107 -0.11013243 9.7989235
-0.021768246 0.06650921 9.802221
-0.04267189 -0.049543243 9.798073
-0.022908412 -0.010162554 9.797565
-0.016568132 -0.0029950663 9.80188
-0.03741866 0.035541404 9.80389
-0.031115955 -0.1049286 9.798866
-0.029531896 0.034441855 9.801886
-0.01950236 0.0044760825 9.800741
-0.024538606 0.025854545 9.808215
-0.03883382 0.0075609772 9.800692
-0.01285312 -0.009619512 9.803659
-0.04354915 -0.0017395111 9.780494
-0.019048486 -0.023563001 9.815108
-0.030808259 -0.002764972 9.799508
-0.038472954 -0.03407926 9.797715
-0.041554548 0.050279353 9.800072
0.011362724 0.018363746 9.795341
-0.024471054 -0.09762867 9.78846
-0.034684498 0.058893308 9.811465
-0.020965815 0.013256435 9.797778
-0.032216623 -0.013434898 9.78925
-0.021281894 -0.032516137 9.817049
-0.019159548 0.038051195 9.798314
-0.035922885 -0.0004690262 9.800724
-0.017522499 -0.055254716 9.804439
-0.029249031 -0.03588244 9.79517
-0.021710858 0.009204407 9.796586
-0.03992848 -0.015307407 9.797813
-0.031546917 -0.015707005 9.7989235
-0.020745229 0.002573289 9.796518
-0.026956895 -0.046913072 9.805329
-0.020319266 0.058674958 9.79776
-0.02580369 -0.025960146 9.804062
-0.0240312 -0.0018745319 9.800718
-0.022242693 0.043164328 9.798047
-0.038803793 -0.022722837 9.805077
-0.03457163 0.05647674 9.7953615
-0.010860058 0.067949146 9.798234
-0.033103395 -0.08864831 9.804829
-0.04320921 -0.006462776 9.794797
-0.023839306 -0.055380594 9.80449
-0.027002288 0.0448729 9.79553
-0.03640162 -0.10848265 9.806173
-0.01078848 0.023313984 9.8021345
-0.036006298 -0.0680881 9.800414
-0.037390262 0.0004915838 9.796649
-0.022458415 -0.0153255975 9.799421
-0.025040591 -0.012207108 9.7970705
-0.03223413 0.04738653 9.8005705
-0.026493918 0.01437507 9.801431
-0.013042479 -0.056983083 9.798856
-0.10553161 0.006002109 9.800423
0.11014357 -0.004179266 9.802515
-0.048623838 0.03340552 9.801421
-0.11656438 -0.0095655965 9.799019
-0.34808913 -0.007917145 9.796561
-0.5432045 0.04918552 9.802343
0.0077142566 -0.019939486 9.795827
0.024820723 -0.08275655 9.804487
-0.033687014 0.008160641 9.799828
-0.08795679 0.020938877 9.799895
-0.14310989 0.036140725 9.796375
-0.11203976 0.006791865 9.805286
-0.05490519 -0.0045240093 9.794285
-0.0061982293 -0.021611465 9.800903
-0.04691343 -0.012383872 9.797045
-0.032408006 -0.08073383 9.80038
-0.051269405 0.08924685 9.803899
-0.013647806 -0.12906528 9.803671
0.000574071 -0.013041782 9.799655
0.013670087 0.012909045 9.806254
0.86041915 -0.018391844 9.802674
0.061396997 -0.00460578 9.799182
-0.03535118 -0.0016677594 9.796574
-0.023936838 -0.0059093027 9.803265
-0.0254983 0.042318545 9.796707
-0.021658484 -0.027684256 9.805657
-0.025033835 0.012440591 9.797183
-0.034593575 -0.017716015 9.800134
-0.031251352 -0.0004494916 9.804217
-0.026515052 0.01042343 9.796632
-0.026623959 -0.013171304 9.800593
-0.015699603 -0.0007877266 9.801498
-0.031269357 0.036923036 9.798334
-0.03503904 -0.05889848 9.803113
-0.0154730445 0.040462226 9.800608
-0.027420353 -0.0018331751 9.796657
-0.038362175 0.0022887914 9.799624
-0.020371338 0.011380703 9.799749
-0.035648458 -0.014380414 9.8
-0.035923954 0.037179686 9.799672
-0.039801434 -0.0008397641 9.802672
0.06984107 -0.041175585 9.799641
-0.01855655 0.0042374413 9.802196
-0.016993273 0.0001762733 9.802302
-0.03817887 0.007995855 9.799235
-0.03345719 0.037834503 9.796576
-0.026695088 -0.016103247 9.797289
-0.02199425 0.023047943 9.802215
-0.03174859 -0.017800556 9.80051
-0.02927724 0.0008750747 9.797322
-0.018219084 0.025291406 9.799361
-0.1342969 -0.008285042 9.80397
0.043714367 -0.026915638 9.80035
-0.028293723 0.03408856 9.802878
-0.015908375 -0.0016058454 9.797983
-0.034238424 -0.010660928 9.801837
-0.09241418 0.014434562 9.799337
0.04479458 -0.074999735 9.796763
-0.09505999 0.06765754 9.803151
0.04543648 -0.005437939 9.797065
-0.021311942 -0.023222875 9.796319
-0.08980519 0.081601314 9.802892
-0.01593394 0.004783508 9.801329
-0.028761715 -0.027625289 9.801365
-0.025267519 0.029406635 9.797778
-0.010159243 -0.059089296 9.798785
-0.09893099 0.042571448 9.802268
-0.11208813 -0.0033745077 9.798828
-0.013967194 0.030075911 9.800569
0.006704543 -0.027572362 9.803732
-0.8173574 -0.029433144 9.797349
-0.105481885 0.035798326 9.803421
-0.0149283055 0.032778766 9.79539
0.0010805987 -0.046775565 9.805348
-0.06800178 0.024954936 9.79763
-0.11703394 0.0035740584 9.807106
-0.121034086 -0.009363508 9.797194
-0.12576674 0.002242681 9.795895
-0.034044024 0.019763015 9.799188
-0.030058213 -0.0034550703 9.797976
0.6032657 -0.0028175344 9.800761
0.37625352 0.03804769 9.798756
0.0087519195 -0.029352047 9.796067
-0.011929052 0.070790574 9.803116
-0.03915613 -0.050517563 9.8015995
-0.024485523 0.07130368 9.796238
-0.022329945 -0.0982444 9.797471
-0.026874552 -0.025616156 9.798057
-0.030625554 0.09952978 9.791441
-0.025356717 -0.06521718 9.807501
-0.103511244 -0.012358709 9.797227
-0.024310322 -0.08284571 9.792493
0.0412142 0.06313131 9.807334
-0.14704461 -0.0440028 9.80041
0.092630416 -0.08597564 9.800236
-0.11695826 0.02879946 9.781444
-0.07605085 0.028696343 9.799811
0.13144544 -0.06097034 9.800476
-0.023072027 -0.03930211 9.800927
-0.060658842 0.05582178 9.794531
-0.07241859 -0.051363915 9.807264
-0.048394024 -0.02699429 9.796028
-0.07870506 0.044234876 9.801265
-0.059083432 -0.027008237 9.796315
-0.8038266 0.06727509 9.795351
0.025920736 -0.07721608 9.804466
-0.0036569927 0.033934794 9.795197
-0.0008878671 0.009019371 9.795906
-0.122037694 -0.10535372 9.804023
-0.1052998 0.08926562 9.81123
-0.11719721 0.010829523 9.797024
-0.033679016 -0.032335922 9.787601
-0.031455595 -0.010829695 9.810744
-0.040293887 0.113873266 9.786641
-0.036078855 -0.036426526 9.802331
-0.015894754 0.0029596125 9.80139
-0.07163755 -0.049291193 9.802759
-0.026508389 0.04292335 9.792855
-0.046394996 -0.059574526 9.80482
-0.02216554 0.026962241 9.796148
-0.00443659 -0.010508728 9.802113
-0.030842733 0.026426245 9.802369
-0.054592848 0.012753315 9.784222
-0.029532362 0.010546951 9.7710705
-0.14611618 -0.016904026 9.704994
0.14982955 -0.0031663447 9.888011
-0.04679617 -0.017957158 9.804214
-0.04935871 -0.033796903 9.7938795
-0.056006625 -0.037767783 9.801484
-0.0313041 0.010998869 9.798763
-0.024662184 0.086735174 9.799866
-0.041798163 -0.018735783 9.797361
-0.03986073 -0.013668595 9.800389
-0.14268367 0.0023850508 9.742623
0.015941828 0.032995492 9.834591
0.12307592 -0.07846752 9.863036
-0.08429304 0.045095902 9.801905
-0.08115659 -0.10137628 9.790038
-0.023330523 0.122390814 9.807684
-0.008441549 -0.122361645 9.79864
-0.010138605 0.060835034 9.801641
-0.033253875 -0.005708328 9.801063
-0.05479812 -0.006074017 9.802136
-0.02711867 -0.049224038 9.799686
-0.04815784 -0.045399543 9.79829
-0.03294066 0.025209518 9.800647
-0.033588007 0.06927543 9.793873
-0.023179088 0.0027122088 9.796754
-0.06318468 0.043209486 9.802399
-0.039486937 0.0291583 9.793897
-0.022170478 -0.01580922 9.804208
-0.05592405 -0.037396017 9.788924
-0.0443173 0.009461423 9.802958
-0.008210868 0.022707714 9.801074
-0.05262076 0.017849134 9.789838
-0.025537476 -0.007423126 9.800381
-0.05288372 0.011335472 9.796984
-0.0024601668 0.019020472 9.805269
-0.043060392 0.021612877 9.801924
0.23635316 -0.043649606 9.799788
0.74100953 -0.020459214 9.798376
-0.03455166 0.033217434 9.8021345
-0.026582748 -0.023727397 9.800875
-0.027974118 -0.015378308 9.800263
-0.029947642 0.025512978 9.799239
-0.014166478 -0.051273365 9.801537
-0.040214516 -0.017956067 9.804191
-0.033740807 0.035132285 9.799372
-0.029567286 -0.009895996 9.798032
-0.026744226 0.019053742 9.802568
-0.009690572 -0.0020885332 9.799238
-0.028102936 0.0020428784 9.8016615
-0.034721404 -0.0007667498 9.798249
-0.028891398 0.012910799 9.802532
-0.022119328 -0.053154588 9.798655
-0.02346116 -0.040614158 9.795446
-0.018634215 0.007049707 9.805459
-0.042012773 0.017357558 9.796499
-0.042994343 0.015470915 9.798423
-0.021828482 0.018485539 9.803766
-0.044110343 -0.022040505 9.796076
-0.018949013 -0.013595584 9.800971
-0.02733124 0.06279647 9.802345
-0.026761038 0.021969697 9.800668
-0.025232408 -0.03065247 9.797146
-0.0231914 -0.013080924 9.79767
-0.03061952 0.041156568 9.804477
-0.04062164 0.024113825 9.801317
-0.00988988 -0.011393601 9.799892
-0.04145301 -0.016807267 9.796036
-0.01604528 -0.018322337 9.805855
-0.034262523 -0.017866522 9.801864
-0.03931316 0.016472 9.800322
-0.03934197 -0.03176749 9.794691
-0.01426249 0.017806716 9.803928
-0.031563804 -0.032785367 9.80166
-0.028545186 0.012559742 9.793514
-0.09002454 0.024029154 9.805935
0.01748172 0.031773206 9.7955065
-0.16602108 0.0069297277 9.802366
0.09616019 0.00738895 9.799592
-0.024885966 -0.0039229803 9.802868
0.0004507992 0.013798711 9.795955
-0.051378407 -0.010501532 9.798816
-0.12255543 -0.0016603995 9.800219
-0.0063126143 0.060848158 9.801456
-0.07623095 -0.030794773 9.801037
-0.06353614 0.04511051 9.799285
-0.02625508 0.0037936554 9.790039
-0.004850626 -0.050896786 9.810333
-0.23013088 -0.002182489 9.800874
-0.65668416 0.108732186 9.804971
-0.008856395 -0.02417887 9.800026
0.038669646 -0.020769268 9.799402
-0.051485416 -0.05954078 9.799904
-0.09614236 0.0393394 9.800451
-0.14660835 0.0004511211 9.794507
-0.065992296 0.021051092 9.802043
-0.08453898 0.061412297 9.786934
-0.0027651712 -0.022773676 9.807567
-0.009574389 -0.0617052 9.805679
-0.028300975 -0.034173917 9.804116
-0.018954553 0.010506527 9.80068
-0.056174397 -0.009815359 9.794681
-0.007676393 0.019386636 9.802013
-0.033348683 0.004327692 9.799407
-0.03218845 -0.05173078 9.7975445
-0.050035477 0.06716794 9.804413
-0.028572924 -0.10384108 9.794876
-0.047838856 0.032907307 9.790222
-0.054035623 0.069774106 9.805985
-0.036970578 -0.033885002 9.806516
-0.02975531 0.069178514 9.789468
-0.047246747 -0.030708151 9.797351
-0.010374039 -0.020047415 9.80065
-0.042028677 -0.011703096 9.797504
-0.04430221 -0.04282375 9.797488
-0.0055073705 0.023593957 9.804129
-0.0056588724 -0.012737574 9.798145
-0.14235295 -0.030512549 9.7692585
-0.02437474 -0.022136057 9.799695
-0.013230819 0.04206193 9.829285
-0.0063918363 -0.0071982383 9.82141
-0.054186154 0.07697512 9.800305
-0.04019084 -0.039333418 9.78755
-0.0338187 0.03307884 9.800904
-0.04653295 0.014893679 9.808326
-0.028249905 -0.042647727 9.798108
-0.035075307 -0.0008812952 9.8038025
-0.13511859 -0.00921851 9.754255
-0.02311812 -0.018208316 9.752071
0.13271713 0.012536489 9.921634
-0.045848913 0.017145062 9.797313
-0.059984423 0.0027409182 9.800249
-0.04159663 -0.05082543 9.802263
-0.01634029 -0.0017724325 9.806493
-0.033370998 0.075323 9.799901
-0.025736183 0.034870524 9.795574
-0.024628367 -0.054472648 9.803799
-0.04499883 0.056734126 9.792368
-0.008301964 -0.06861608 9.812133
-0.08143071 0.104364954 9.78919
-0.026160004 -0.028827298 9.804874
-0.0487329 0.034244265 9.800065
-0.02291351 -0.055642366 9.80433
-0.0593123 -0.036292568 9.786123
-0.03433513 -0.031368688 9.802622
0.40879887 0.03300101 9.801598
0.61867315 0.010493811 9.802498
-0.040816285 0.023932647 9.793233
-0.038244873 0.013066201 9.796819
-0.022934053 0.019520646 9.8077135
-0.04218521 -0.016458713 9.799311
-0.04776817 -0.010021275 9.800219
-0.008799331 0.028649649 9.795564
-0.032871816 -0.016283011 9.799309
-0.02858516 -0.0048059123 9.7996025
-0.017924966 -0.0016784441 9.801654
-0.026764287 -0.010492542 9.794402
-0.02838665 0.023569522 9.802013
-0.031217087 -0.039471485 9.79465
-0.019996721 0.0379386 9.80337
-0.03737024 -0.024467554 9.801227
-0.03767538 0.009079208 9.799205
-0.029728264 0.011803555 9.796028
-0.03324735 0.033092584 9.802535
0.017514978 -0.041132715 9.802955
-0.063943855 0.055179942 9.802811
-0.11161267 -0.031830985 9.798518
-0.0034893472 0.0015235892 9.801128
-0.019020531 -0.013783606 9.8024435
-0.022621188 0.01749874 9.798868
-0.033343747 -0.012055646 9.796198
0.048005443 0.011354034 9.802341
-0.005238274 0.0067009046 9.797119
-0.02408821 0.018066993 9.800873
-0.02844482 0.0075693093 9.799797
-0.011817768 0.029264035 9.805045
-0.042236492 -0.07180119 9.808102
-0.20269425 -0.046095576 9.800886
0.18528694 0.006321805 9.796054
-0.040304758 0.020287747 9.811284
-0.20902582 -0.09888634 9.799323
0.060132753 0.12353693 9.798981
-0.071017146 0.0007957698 9.801449
-0.10088865 -0.03777046 9.802633
-0.21869038 -0.062009014 9.798626
-0.69920605 0.15545337 9.788451
0.07477725 -0.06493103 9.805976
0.078447364 0.02482748 9.795423
-0.015066609 0.0039710444 9.802196
-0.15587226 -0.02805958 9.803314
-0.11411344 -0.042119447 9.799909
-0.06816228 0.023493048 9.795962
0.2988646 -0.0012864379 9.804575
0.72970176 0.06810251 9.795465
-0.03372804 0.0020683454 9.8053255
-0.02193502 -0.06486897 9.7981
-0.03219886 0.032629777 9.798071
-0.02729137 -0.0031093906 9.799607
-0.026166882 -0.011795354 9.7989
-0.040106 0.031774238 9.806662
-0.029323135 0.03158953 9.799163
-0.022760162 -0.026271999 9.795691
-0.033288565 -0.033177596 9.806772
-0.030149471 0.042144462 9.800237
-0.017928522 0.026008334 9.793106
-0.035749547 -0.009262002 9.804627
-0.028679514 -0.026371263 9.799867
-0.020719504 0.008811867 9.801704
-0.039151788 0.013212521 9.786465
-0.024038576 0.000991483 9.797784
-0.031940147 -0.0008712287 9.800666
-0.022055814 0.018450664 9.799104
-0.024771133 -0.030845225 9.796095
-0.02432391 -0.03867616 9.793609
-0.021341827 -0.0051391874 9.807883
-0.03435819 -0.0063224463 9.802363
-0.020913806 -0.0061418205 9.793958
-0.015352703 -0.056617014 9.805741
-0.04628166 0.07279058 9.803966
-0.03232078 -0.009751042 9.8007765
-0.022513822 -0.05655166 9.791336
-0.030457366 0.0052496404 9.807754
-0.021514531 0.004825013 9.788161
-0.030996447 0.029332303 9.811051
-0.02500831 -0.0073440787 9.797097
-0.025875764 -0.040724747 9.8004
-0.029238155 0.06755471 9.7936735
-0.02725138 0.0014178833 9.803288
-0.03260212 0.030456772 9.802175
-0.021641059 -0.0634606 9.800073
-0.022147372 0.047155146 9.796725
-0.030681599 0.014720943 9.803619
0.01056793 -0.0047408524 9.795904
-0.17302595 0.012983493 9.798351
-0.09097488 -0.053885974 9.800789
0.08619074 0.052142873 9.801214
-0.027493875 -0.0041518034 9.798468
-0.025500396 0.04937321 9.798962
-0.024838777 -0.030067638 9.794011
-0.0832625 -0.0009397488 9.799736
0.021092808 0.04100278 9.815377
-0.10670501 -0.010595855 9.798138
0.005607698 -0.0349884 9.800836
-0.03260376 0.09176736 9.801473
-0.08486997 -0.12164758 9.7968855
0.03248716 -0.0050491923 9.799042
-0.033001594 0.006440931 9.805723
-0.18381342 -0.030918725 9.798126
0.12270311 -0.026452763 9.799102
-0.023105867 -0.0033622142 9.8
-0.030266937 0.014499521 9.799845
-0.036311626 0.0040041567 9.798452
-0.016728174 -0.0054762005 9.800072
-0.13974321 0.008082086 9.802912
-0.020849504 0.021459104 9.801177
-0.1652942 -0.06125799 9.798044
-0.8388883 0.03342258 9.802088
0.027067252 -0.014788196 9.791471
0.012814365 0.05557842 9.797723
0.018081501 0.031916272 9.793189
-0.079733536 -0.03251711 9.801199
-0.0898449 0.0053533386 9.806517
-0.14881843 -0.0066994685 9.796272
0.72942215 0.008311443 9.798009
0.2807232 0.0057570045 9.779861
-0.08636945 -0.055545542 9.820658
0.042587347 -0.007423882 9.800336
-0.03541646 0.023315389 9.800831
-0.035246857 -0.018974833 9.795603
-0.037052102 0.020914627 9.804552
-0.01986485 0.019324647 9.799085
-0.025194945 -0.037300903 9.79951
-0.039695855 0.007683194 9.799452
-0.033481613 0.04169024 9.798823
-0.028151928 -0.007869448 9.794866
-0.01842832 -0.07552492 9.805499
-0.020194102 0.062083967 9.798902
-0.0004171021 -0.029475955 9.801792
-0.06477198 -0.014544677 9.798656
-0.021823801 0.039233748 9.802619
-0.031538967 0.04352048 9.800848
-0.13561714 -0.03060331 9.801663
0.06683218 0.022789532 9.799253
-0.025415171 -0.0088016875 9.800049
-0.0071907863 -0.043485887 9.802901
-0.01280264 -0.011970862 9.794806
-0.044189796 -0.01952482 9.807686
-0.027947571 -0.009946778 9.799831
-0.037209973 0.025228418 9.796373
-0.013707019 -0.04971244 9.801411
-0.031614058 0.009893989 9.801992
-0.026560841 -0.032940246 9.792118
-0.032302573 0.022389468 9.805955
-0.03295723 0.013218809 9.803446
-0.024508208 -0.0007388489 9.797209
-0.029630655 -0.021833254 9.798428
-0.030158665 0.027341042 9.8015785
-0.04147691 0.033620287 9.796914
-0.03332417 0.023980284 9.793001
-0.052341547 -0.06301642 9.805068
0.013791017 -0.015615992 9.798235
-0.0374964 -0.009002565 9.802393
-0.03168025 -0.023075243 9.798507
-0.02269547 -0.033152822 9.799921
-0.017428625 0.05083111 9.8068695
-0.02458409 -0.021175642 9.796166
-0.02801211 -0.044518076 9.804368
-0.03363626 -0.036314346 9.798283
-0.023186188 -0.0055098664 9.795689
-0.03263703 0.040417545 9.805573
-0.029060664 0.057673972 9.795518
-0.021795707 -0.026973134 9.806163
-0.033573925 0.03378203 9.797164
-0.08724574 0.0026911185 9.800928
0.018943073 0.027595026 9.799208
0.004222948 -0.044572562 9.800133
-0.025650844 0.027360298 9.800786
-0.026202947 0.078732245 9.803145
-0.024552824 0.026956538 9.801774
-0.09669817 -0.002230452 9.797703
0.080185965 -0.042591743 9.796752
-0.021309404 -0.03379299 9.799698
-0.034287516 0.011490838 9.801541
-0.023950744 0.058241144 9.802469
-0.031198492 -0.018822193 9.800695
-0.02905792 -0.025273897 9.796724
-0.027995404 -0.029483419 9.79885
0.030477053 0.0003728303 9.803358
-0.027249455 0.01878833 9.805214
-0.031815253 0.04840581 9.798327
-0.028360836 -0.03256864 9.801757
-0.06142371 -0.017435234 9.798106
-0.03718413 0.0002068545 9.797184
0.017422147 0.010385655 9.801704
-0.026291827 -0.059532896 9.801912
-0.020927578 0.06519082 9.802315
-0.035849985 0.052593563 9.799613
-0.03463758 0.048893332 9.797224
-0.021070827 -0.1389266 9.8028345
-0.033837087 0.015409565 9.797343
-0.0301414 0.0016036313 9.800356
-0.09687047 0.01083315 9.796188
0.05116906 -0.041369405 9.803616
-0.03462137 0.03094574 9.799471
-0.027597325 0.03422029 9.798372
-0.0320416 0.000849164 9.80195
-0.13219379 -0.03995184 9.804272
0.07095613 -0.019470576 9.804837
-0.033927355 0.021066051 9.7975
-0.032454226 0.117612965 9.802928
-0.048246328 -0.077502236 9.805709
-0.047018915 -0.0041207485 9.7906475
0.014786096 -0.02243077 9.805646
-0.028073927 -0.04593197 9.799362
-0.03990492 -0.0071611716 9.799904
-0.02083144 -0.013808244 9.801483
-0.02497651 -0.013441764 9.800228
-0.037093025 -0.009564743 9.8034315
-0.035414845 0.022355739 9.795279
-0.030760542 -0.021848459 9.799048
-0.013692548 -0.011042929 9.803364
-0.04506276 0.04055053 9.796806
-0.027886545 0.004839205 9.805601
-0.014559122 -0.064814985 9.799229
-0.04813984 0.109488584 9.802842
-0.15105204 0.023436751 9.797758
0.110661775 -0.06749964 9.799626
-0.035823006 0.04602243 9.795965
-0.012624839 -0.0026628259 9.803223
-0.061110746 -0.009834589 9.797201
-0.004565874 0.04064709 9.801723
-0.035710033 -0.019235797 9.803669
-0.038392764 -0.0070378436 9.801383
-0.020995885 -0.024556253 9.801514
-0.04261545 0.058636986 9.795527
0.0017142184 -0.0592605 9.801677
-0.025434056 -0.0058337613 9.799412
-0.030205654 0.020711115 9.802641
-0.0246703 -0.01348653 9.802505
-0.04342187 -0.03449028 9.799772
-0.14081508 0.015982589 9.799906
0.07570572 0.033376954 9.794017
-0.013972581 -0.040147252 9.796581
-0.02745527 0.010554486 9.803409
-0.043204762 -0.034544975 9.799215
-0.011021879 0.038162082 9.792649
-0.047377337 0.031794246 9.807913
-0.019327471 -0.019393131 9.798312
0.010633662 0.01675787 9.797085
0.0007174993 -0.023979733 9.800536
-0.046722393 0.011716575 9.802152
-0.044938914 -0.0058616004 9.801098
-0.028014516 0.020371923 9.800535
-0.03712906 -0.01712268 9.800722
-0.010011591 0.03781452 9.800651
-0.025417946 0.01923678 9.80139
-0.023263179 -0.020933118 9.80348
-0.033305958 0.025814166 9.79549
-0.11058447 -0.043274302 9.804705
0.055934064 0.04798059 9.800574
-0.008868558 -0.032831673 9.80166
-0.046805557 -0.03734084 9.80382
-0.02537995 0.06594974 9.798964
0.0036724918 -0.035857372 9.798422
-0.02026473 0.01975263 9.800278
-0.030684648 -0.070516415 9.802186
-0.06971669 0.039907627 9.7962675
-0.04587756 -0.0095257815 9.794707
0.07236817 0.037870158 9.80624
-0.02977859 -0.005995926 9.809292
-0.0046300534 0.10006107 9.79158
-0.0037549902 -0.12761682 9.803211
-0.020742714 -0.01974414 9.796364
-0.16491777 0.0368987 9.800459
-0.020400453 0.0007458616 9.79851
0.15605178 -0.0117358565 9.798027
-0.6517142 -0.018832294 9.802343
-0.26653144 0.022268813 9.797975
0.12344917 0.0002537503 9.80025
0.7295874 -0.0066389064 9.803203
0.027435761 0.017508518 9.800856
-0.03209231 0.02161307 9.801322
-0.034055427 0.045113623 9.797972
-0.032408774 -0.026052002 9.79494
-0.028649751 -0.054901037 9.791225
-0.017575761 0.020511052 9.813662
-0.061395243 -0.03474374 9.803697
-0.049673583 -0.01245982 9.799777
0.017113818 0.05268209 9.791219
-0.020656716 -0.010292776 9.813319
-0.028143067 0.008464977 9.797711
-0.10847714 -0.035485443 9.798703
0.049294792 -0.0010053931 9.800455
-0.034172475 0.031864855 9.797072
-0.027565882 0.005792495 9.800404
-0.08570403 0.0044709085 9.798848
0.07820943 0.0106939385 9.803398
-0.01996135 0.10651764 9.802923
-0.026769346 -0.016708195 9.798996
-0.027004497 0.007862423 9.801236
-0.022561166 -0.015686285 9.795012
-0.026075952 -0.049200434 9.8051195
-0.025332903 0.0022005977 9.7958145
-0.042186555 -0.007044186 9.748888
-0.020354096 -0.056342218 9.851774
-0.15617076 0.033350714 9.799189
0.08994585 -0.002883932 9.794612
-0.020997997 0.031042805 9.804135
-0.03273473 0.026212033 9.801622
-0.06799647 -0.058778238 9.801771
0.02652324 0.07087289 9.800467
-0.025874794 0.0009902155 9.798209
-0.031803854 0.03461719 9.802726
-0.01618993 -0.09746191 9.793929
-0.04869626 -0.039244615 9.804081
0.05071926 0.08674525 9.799533
-0.03461687 0.036635872 9.802149
-0.08664274 -0.019035848 9.798805
-0.056386188 0.030905012 9.800843
0.025999365 0.06795002 9.797149
-0.101310946 -0.04121667 9.8003845
-0.011367831 -0.029767178 9.803903
-0.04342867 -0.014473136 9.80095
-0.02335605 0.007928749 9.799682
-0.009643987 -0.07433364 9.797328
-0.1284126 -0.0003686589 9.803278
-0.0036174767 0.008615491 9.7975645
-0.044252597 0.029131977 9.799735
-0.038559943 -0.019905316 9.797513
-0.028321985 0.006949927 9.797041
-0.045832537 -0.020848786 9.808363
-0.033837013 0.0341832 9.797996
-0.019209862 -0.010239243 9.799655
-0.039479457 0.04164474 9.795265
0.0007849969 -0.0054786894 9.805515
-0.030631348 0.0021209049 9.799095
-0.029079257 -0.0029392892 9.802581
-0.020063486 -0.012011314 9.79165
-0.008768171 0.041079365 9.803566
-0.16027005 -0.09883258 9.79807
0.103618935 0.12573355 9.800164
-0.06705973 0.021104578 9.799901
0.0007075053 0.0006768137 9.798968
-0.036494587 -0.054024592 9.803038
-0.0044436976 0.077647395 9.798291
-0.04310856 -0.06801428 9.805017
-0.023414293 0.04655755 9.797212
-0.036682986 0.0013280085 9.79895
-0.03172212 0.05573608 9.803196
-0.043676868 0.0009280845 9.789462
-0.0038181338 0.052953243 9.805131
-0.027860492 -0.035453387 9.801852
-0.040599316 -0.033112116 9.803396
-0.021245409 0.10538614 9.798514
-0.08390311 -0.02662932 9.801175
-0.13561489 0.06149575 9.79576
0.091026075 -0.06396751 9.80263
-0.20741019 -0.002538018 9.800524
-0.07342394 -0.026246505 9.8058
-0.7619371 0.036450207 9.784433
-0.045241274 0.013750372 9.808319
-0.01282466 -0.048404638 9.798575
0.60445315 0.04556022 9.800828
0.2699946 0.034383167 9.789156
-0.007005869 0.01824649 9.782174
-0.05877935 -0.015852768 9.81946
-0.0028829426 -0.0113199325 9.806819
-0.016548116 -0.046973325 9.786854
-0.03542941 0.020336779 9.822816
-0.027450645 -0.04807497 9.803009
-0.023524707 0.050409418 9.794452
-0.029526608 -0.026040576 9.800838
-0.035209723 0.035285253 9.801324
-0.029053636 0.005070042 9.800695
-0.028812928 0.027490187 9.799529
-0.012253468 -0.06806353 9.799948
-0.021937538 -0.086947665 9.800795
-0.030988695 0.028881539 9.805582
-0.029582785 0.014538917 9.80252
-0.025973096 0.0076987576 9.795526
-0.030531107 -0.0026822418 9.800436
-0.026016464 0.0055132364 9.802882
-0.03155408 0.035107967 9.803701
-0.02813135 -0.012806106 9.797216
-0.027295265 -0.06492031 9.802125
-0.02786176 0.08342953 9.798749
-0.028988104 -0.009657551 9.794081
-0.02953369 0.063185066 9.805864
-0.02710454 -0.01771546 9.789675
-0.027751602 -0.049511295 9.802163
-0.026545053 -0.0064752367 9.797871
-0.023766018 0.0077964864 9.804262
-0.031366654 0.01887024 9.800849
-0.028224336 0.016539637 9.797534
-0.028567767 -0.026230702 9.806749
-0.026720019 0.034947082 9.8001995
-0.024762446 -0.028062508 9.792727
-0.03479219 -0.028633269 9.800774
-0.025968108 0.04235477 9.798306
-0.023778964 -0.0251288 9.801003
-0.03687142 0.024725229 9.802585
0.009242976 0.00773922 9.801236
-0.023200981 -0.0014311817 9.794845
-0.032441318 -0.016545678 9.804204
-0.030670546 0.017227685 9.799843
-0.029008664 -0.04901647 9.80213
-0.027149312 0.049642548 9.8002825
-0.02811879 0.04625036 9.798691
-0.10786249 -0.043030947 9.799779
0.052702248 -0.004057743 9.796863
-0.029370714 0.0073014772 9.803559
-0.026336784 -0.0018166002 9.798716
-0.026363622 -0.0003384358 9.799042
-0.02783727 0.017817574 9.8029785
-0.026660234 0.04515452 9.799915
-0.028754447 0.015453179 9.797935
-0.02868343 0.008563987 9.797489
-0.027559789 -0.025192682 9.802699
-0.02358283 0.08827285 9.797301
-0.02886563 -0.06699804 9.79643
-0.029471727 0.07687149 9.805276
-0.030869648 -0.052822705 9.800259
-0.027520098 0.01876744 9.798604
-0.025994442 0.01515215 9.803224
-0.027490579 -0.056467272 9.799242
-0.027988207 0.054395333 9.800586
-0.0486159 -0.02227745 9.799969
0.031578068 0.022972727 9.7981
-0.032277413 0.037703007 9.801058
-0.022555415 -0.023460058 9.802664
-0.08326979 0.05837289 9.795858
0.019988181 0.0007400352 9.803707
-0.026191104 -0.0010573968 9.800415
-0.024784444 0.0009246402 9.792956
-0.02581158 0.013543715 9.807288
-0.02911062 0.0001844236 9.796972
-0.026442662 -0.033201095 9.803949
-0.030658172 0.039405264 9.797438
-0.023369022 0.037021153 9.786953
-0.031783167 -0.043883678 9.806009
-0.027090501 0.018093301 9.802834
-0.095449835 0.0074656433 9.800017
-0.027929423 0.01640846 9.798975
-0.029637838 -0.118838474 9.802147
-0.024765953 0.002037233 9.7984
-0.029197972 -0.03398958 9.799848
-0.022761999 0.07986517 9.804411
-0.032774165 -0.12606822 9.795882
-0.017034397 0.07805216 9.800529
-0.19408807 0.010430585 9.803081
0.124584526 0.07397145 9.799753
-0.027780194 -0.14269713 9.780769
-0.07061602 0.024762534 9.819562
0.025915425 -0.0059122005 9.798537
-0.024447348 0.056215297 9.799133
-0.022667378 0.015755063 9.803363
-0.03075494 0.015218881 9.796605
-0.024109999 -0.0030143585 9.800288
-0.017445946 -0.070759684 9.802144
-0.02657383 -0.0441036 9.802943
-0.03402714 0.044173475 9.7988
-0.028971624 0.018942954 9.800861
-0.02786009 -0.0059399586 9.797656
-0.029230699 0.040866833 9.798135
-0.02055027 -0.04096698 9.801038
-0.026437437 0.040452648 9.807263
-0.10180058 -0.003235482 9.798614
0.04385622 0.0050686933 9.800956
-0.03441005 -0.016108695 9.79613
-0.021446317 0.011181304 9.802746
-0.031153958 0.0075153853 9.797697
-0.027453491 0.032481983 9.800049
-0.030292807 -0.046379562 9.797046
-0.028606659 -0.06319771 9.804658
-0.032049276 0.0005677227 9.799007
-0.022889506 -0.0192441 9.801435
-0.03281277 0.0074027013 9.794954
-0.020682653 -0.09165365 9.806769
-0.08960815 0.07842533 9.801784
0.027636267 -0.02882315 9.799624
-0.007949557 0.020380335 9.79566
-0.02973631 0.0015886726 9.799306
-0.028940747 0.035808843 9.80195
-0.025176909 -0.089101374 9.804636
-0.024182905 0.06648616 9.795204
-0.03172432 -0.005654363 9.802785
-0.027939495 -0.011566316 9.798755
-0.02656133 0.037909504 9.795509
-0.0252776 -0.012126999 9.807838
-0.030209294 0.10589069 9.790706
-0.025701683 -0.12895186 9.813578
-0.02829383 0.05171691 9.796592
-0.026018633 -0.08895773 9.801351
-0.19852951 -0.01013868 9.800787
0.22463478 0.03531934 9.799067
-0.17146353 0.029792806 9.796944
-0.7170676 0.0004536187 9.800216
-0.040148467 -0.0046057827 9.800795
-0.0045370273 -0.013296347 9.800119
0.008191839 -0.013366236 9.800247
-0.052074295 -0.0005046716 9.797335
-0.116112135 -0.0022771682 9.804423
-0.124544255 0.014549012 9.797217
0.16343804 -0.012138142 9.8036175
0.8352128 -0.011731901 9.802324
0.0155637525 -0.012679445 9.795617
-0.035183765 0.0007064254 9.799549
-0.028951438 -0.013944221 9.804115
-0.027660487 -0.026251236 9.797459
-0.023075152 0.006605691 9.797761
-0.027588518 -0.007078502 9.80309
-0.029689858 0.07049584 9.798632
-0.10483218 0.08628549 9.799623
0.012548801 -0.06277262 9.79979