244,757,575
259,807,582
268,774,555
252,781,529
257,807,512
275,809,534
295,806,521
316,799,511
353,817,502
332,812,501
349,857,491
326,794,491
359,828,479
377,830,465
412,786,440
372,821,518
394,922,498
458,910,389
516,936,289
601,950,260
629,936,270
691,842,243
683,756,266
590,696,362
540,677,371
428,603,351
323,682,368
277,642,345
213,793,379
200,1012,570
184,909,679
225,764,409
262,967,493
301,940,293
350,826,361
398,839,344
418,837,292
385,827,366
409,798,365
413,914,321
398,931,290
370,868,314
411,869,301
199,963,630
379,935,422
362,939,270
361,955,325
378,898,364
385,811,311
362,872,278
288,921,300
240,837,354
226,857,351
181,876,390
249,950,311
331,977,324
447,905,347
364,879,363
393,796,247
317,893,345
216,892,395
206,933,354
222,958,407
197,813,414
231,962,448
277,974,406
319,1016,354
407,878,217
496,799,317
527,879,406
484,862,344
419,798,334
407,928,390
374,825,389
373,762,361
368,795,324
367,806,384
372,713,460
404,691,419
457,779,372
477,729,448
447,730,428
460,818,353
455,734,423
416,627,498
452,607,355
499,812,70
540,1107,-63
680,1231,-63
709,1110,36
650,902,375
487,1009,614
444,871,552
428,758,605
437,708,453
376,442,240
342,348,415
334,644,480
433,664,508
429,606,655
505,621,606
535,671,533
557,641,490
546,706,536
474,721,622
515,770,522
491,693,541
417,718,569
431,601,495
490,797,503
506,707,544
480,712,622
451,718,664
449,693,676
385,677,680
412,625,592
456,804,441
510,780,375
514,756,479
528,746,446
558,747,397
554,695,352
571,704,291
596,695,262
595,652,260
571,680,275
544,693,295
548,696,281
538,700,301
545,697,294
552,732,248
554,736,187
540,757,231
551,820,233
553,857,266
574,914,254
585,885,285
582,881,257
564,889,278
561,891,232
546,880,216
519,866,199
482,867,182
460,824,177
440,871,84
429,940,77
439,984,87
419,761,132
346,846,203
394,1007,98
328,999,150
316,1032,113
328,1066,55
349,983,105
388,972,103
425,927,91
430,848,105
461,788,97
426,830,150
437,769,97
475,869,23
480,870,66
451,881,126
442,830,117
451,966,65
442,971,61
467,932,61
466,866,84
500,883,32
484,854,77
494,857,60
469,850,49
457,885,79
512,956,30
481,924,95
503,870,84
479,845,101
450,853,120
487,882,100
535,883,113
589,893,131
615,875,146
642,891,178
588,827,269
639,813,175
611,855,127
627,812,104
610,821,141
672,783,182
664,745,93
615,715,161
534,747,265
531,695,209
506,777,223
467,829,322
478,801,302
469,763,281
509,816,313
535,754,404
593,787,325
581,786,99
423,783,148
393,573,340
383,716,380
395,888,310
372,935,303
411,965,264
452,976,266
470,850,306
471,915,296
434,894,331
474,866,363
474,808,378
535,834,320
523,812,302
483,782,388
470,760,451
457,707,461
433,636,531
409,669,513
412,696,496
442,666,528
480,725,537
509,729,504
541,622,465
554,569,501
535,713,540
516,718,525
533,648,524
533,600,555
502,637,562
432,725,583
319,756,732
336,613,733
341,651,830
350,659,830
380,646,720
429,625,605
506,629,541
545,634,485
599,638,375
667,552,306
727,477,239
768,502,179
749,669,104
644,834,146
572,868,330
599,805,429
606,759,413
490,925,442
449,947,490
438,809,504
370,731,522
304,829,558
247,856,518
245,870,512
303,838,551
330,741,470
325,751,562
259,719,650
361,823,470
357,947,533
335,861,612
413,702,616
385,750,612
309,793,551
299,835,495
334,941,449
283,883,489
275,846,497
285,824,400
287,852,526
278,940,597
182,836,463
88,877,501
73,1044,527
28,978,527
-34,933,568
-33,937,561
-21,773,572
-31,701,591
-31,845,536
-77,748,590
-76,713,591
-72,856,536
-114,776,602
-111,750,612
-105,725,637
-123,735,632
-168,791,634
-220,799,629
-257,786,619
-293,793,609
-304,804,615
-283,774,617
-271,773,614
-261,805,609
-247,812,577
-218,779,601
-214,794,563
-236,790,565
-175,729,560
-119,694,567
-111,692,559
-108,692,575
-66,666,590
-60,672,563
-53,643,565
-109,687,570
-163,725,543
-204,757,575
-213,785,583
-252,811,558
-257,867,549
-253,908,504
-225,863,494
-223,870,515
-227,868,504
-204,922,420
-185,901,441
-179,915,386
-191,900,315
-239,902,326
-295,891,375
-343,865,376
-375,922,353
-412,895,363
-371,881,336
-343,936,307
-344,925,338
-353,937,390
-327,981,373
-290,960,360
-257,948,361
-230,919,323
-182,908,288
-148,889,289
-156,855,279
-142,872,255
-137,884,276
-127,886,279
-133,871,268
-133,898,255
-122,939,265
-96,926,278
-103,922,285
-147,930,304
-165,969,288
-153,1066,274
-289,1124,263
-346,1004,284
-372,971,305
-466,1027,276
-503,1045,193
-403,925,177
-293,972,171
-255,888,186
-202,834,204
-143,829,226
-94,801,239
-79,799,229
-60,822,236
-28,828,242
-5,820,246
42,864,214
77,918,230
80,935,245
56,985,247
8,1065,290
4,1050,276
30,1117,278
30,1188,296
-32,1225,335
-158,1155,354
-170,994,367
-117,995,355
-152,1116,312
-207,1131,325
-166,1076,315
-109,861,295
-37,789,289
-7,750,317
54,660,353
132,692,253
140,735,272
122,801,305
132,871,330
104,900,367
70,921,359
-9,945,373
-99,963,380
-203,995,456
-246,980,528
-321,1035,532
-370,973,433
-373,824,408
-393,868,410
-403,903,375
-377,757,428
-321,761,479
-303,726,417
-318,697,422
-269,615,438
-259,662,403
-328,661,397
-350,553,471
-368,605,433
-418,643,480
-565,647,427
-727,744,398
-866,714,332
-1003,779,334
-993,780,328
-793,746,385
-782,731,365
-766,909,459
-699,867,390
-628,658,402
-605,576,578
-534,624,514
-585,565,528
-647,641,464
-689,831,364
-748,665,275
-639,682,459
-552,646,539
-459,656,514
-456,778,592
-534,759,575
-513,736,549
-492,751,492
-437,620,409
-472,696,359
-642,627,131
-681,723,225
-664,748,353
-671,792,496
-587,674,649
-533,647,524
-571,869,565
-476,822,547
-532,877,504
-437,765,548
-321,721,443
-324,721,305
-383,873,373
-438,726,123
-432,838,205
-373,956,111
-420,887,245
-442,918,216
-415,970,131
-544,860,230
-760,1075,178
-627,905,221
-628,911,297
-493,1026,323
-221,697,435
13,513,341
-138,620,542
-114,924,258
57,797,221
363,744,430
524,905,137
177,879,3
-357,1182,-6
-597,895,7
-585,963,32
-735,1800,248
-312,1168,220
-191,683,700
-555,304,606
-733,606,659
-730,623,439
-805,687,400
-677,797,467
-427,689,372
-436,707,365
-452,788,417
-509,660,402
-509,917,403
-493,746,474
-489,658,470
-549,772,353
-631,849,305
-644,727,343
-587,706,434
-441,611,507
-373,633,500
-291,644,395
-280,654,402
-330,712,420
-361,639,224
-454,784,174
-518,803,170
-564,869,168
-675,950,118
-622,885,135
-605,876,37
-675,874,9
-693,792,-26
-662,740,-188
-687,738,-257
-712,687,-253
-713,690,-231
-727,705,-152
-681,672,-76
-596,782,-96
-689,710,-44
-729,708,-161
-732,817,-121
-654,811,-161
-597,889,-184
-583,835,-158
-626,996,-239
-640,970,-72
-528,850,-152
-519,1010,-268
-625,793,-203
-620,854,-117
-513,881,-195
-458,984,-198
-381,979,-223
-551,966,-180
-463,831,-144
-479,830,-141
-491,850,-114
-487,801,-71
-492,818,-126
-534,816,-75
-582,936,-96
-653,640,-95
-838,864,97
-860,822,248
-748,986,-72
-963,962,-29
-1016,892,-64
-1017,973,-131
-1008,880,-49
-1040,866,73
-986,863,146
-726,760,-76
-491,819,-414
-345,1088,-549
-145,847,-459
-123,585,-356
-60,575,-232
-12,689,-228
-46,656,-216
-176,509,-258
-364,769,-183
-484,979,9
-507,847,-290
-508,829,-351
-537,724,-275
-532,778,-336
-510,801,-301
-516,753,-266
-529,886,-255
-507,813,-234
-489,757,-217
-482,885,-271
-499,922,-306
-478,812,-271
-480,843,-288
-497,822,-299
-514,778,-225
-534,773,-219
-527,857,-244
-511,814,-232
-503,801,-217
-517,777,-207
-502,830,-221
-453,804,-221
-461,762,-228
-469,729,-195
-482,765,-121
-467,722,-138
-445,650,-165
-427,664,-120
-405,582,-89
-439,548,4
-463,722,-56
-514,751,-38
-542,754,-24
-677,797,-76
-837,822,-2
-824,773,20
-783,756,43
-774,800,107
-730,798,120
-699,764,209
-656,694,148
-639,722,129
-663,657,107
-824,765,176
-951,724,217
-826,603,157
-764,607,152
-754,656,224
-790,624,201
-792,720,138
-871,611,324
-777,647,302
-798,710,300
-810,671,377
-736,624,397
-685,703,289
-664,750,234
-656,625,305
-661,678,300
-738,687,269
-771,635,421
-707,595,481
-631,691,420
-638,727,402
-708,570,382
-737,639,424
-666,641,391
-748,507,477
-710,530,602
-593,670,403
-632,798,511
-771,463,696
-855,496,664
-941,382,528
-928,667,400
-915,815,480
-923,694,559
-707,578,413
-782,705,388
-876,743,416
-852,695,391
-928,764,417
-973,756,328
-880,939,151
-1029,1092,408
-823,894,454
-589,1076,437
-219,860,493
122,568,524
126,548,548
233,486,436
192,472,214
57,636,135
-143,646,40
-311,829,209
-264,965,-131
-287,1032,-229
-219,976,-318
-218,828,-192
-207,935,-143
-181,832,-56
-194,855,19
-180,948,44
-207,1127,-2
-221,1125,30
-202,1020,81
-209,1076,-10
-175,1017,-60
-81,942,-107
-185,936,178
-168,868,223
-192,823,293
-250,930,276
-193,895,173
-337,976,318
-332,1043,271
-278,959,417
-316,1039,427
-206,1113,241
-89,973,115
-67,1050,144
-17,755,184
-71,663,191
-222,898,208
-195,1004,186
-135,989,190
-95,913,149
-175,959,290
-242,833,358
-270,905,433
-143,1136,128
-272,1275,276
-188,766,299
-224,917,328
-287,934,324
-303,870,293
-323,829,263
-366,868,379
-310,987,408
-236,919,405
-197,933,283
-128,987,157
-154,1014,43
-193,992,27
-218,938,15
-223,948,41
-275,944,79
-324,909,116
-316,906,114
-283,926,66
-279,947,60
-311,935,39
-387,1052,36
-427,1139,90
-419,972,99
-383,938,65
-352,934,45
-317,903,31
-299,875,27
-229,802,50
-163,821,89
-162,898,120
-215,993,155
-221,1030,197
-202,992,204
-164,997,188
-139,995,188
-165,1000,191
-210,989,161
-244,959,108
-254,966,100
-238,961,95
-235,984,58
-252,1029,36
-292,1055,35
-383,1103,54
-442,1086,74
-421,1002,92
-379,936,106
-338,907,110
-304,890,99
-277,883,79
-249,884,72
-258,962,59
-276,991,29
-300,1010,32
-305,1009,18
-250,967,-14
-196,963,5
-140,999,0
-84,1058,-58
-46,1000,-63
-34,847,-125
-63,717,-143
-223,836,-94
-463,1087,-18
-718,935,-5
-844,813,49
-836,844,141
-721,889,-39
-586,1030,-108
-459,945,-73
-368,900,-31
-375,890,36
-394,893,78
-485,1005,68
-530,920,74
-565,959,86
-484,998,83
-319,947,-74
-471,921,53
-480,793,77
-344,723,-180
-387,1258,-4
-341,939,151
-144,844,-114
-170,960,43
-65,1024,-173
-71,784,-146
82,1049,-643
-306,1002,-466
-359,511,-148
-382,802,-169
-359,1216,-142
-250,932,-177
-181,826,-189
-139,756,-294
-153,917,-343
-164,921,-177
-245,902,-232
-275,1085,-268
-376,1040,-312
-364,855,-369
-454,974,-378
-554,991,-381
-569,1078,-394
-455,805,-297
-496,875,-225
-495,754,-158
-514,873,-76
-548,997,-124
-447,727,-153
-436,893,-202
-443,965,-254
-488,784,-74
-466,872,-114
-503,842,-158
-430,809,-161
-429,894,-49
-458,842,-120
-589,1001,46
-418,766,115
-432,832,174
-467,863,203
-508,964,115
-551,1039,138
-598,807,219
-678,750,212
-716,751,311
-636,620,174
-705,746,155
-780,861,191
-703,702,150
-630,737,20
-634,777,-48
-753,758,-5
-824,812,4
-868,831,51
-786,843,131
-796,824,133
-716,906,46
-679,966,193
-702,868,439
-622,752,394
-600,800,360
-650,847,309
-613,952,328
-463,1000,241
-281,996,64
-131,992,-2
-116,979,28
-119,911,45
-134,880,66
-112,812,98
-117,805,150
-139,850,173
-161,904,191
-120,917,162
-52,966,140
-4,991,126
23,1047,151
63,1019,141
68,980,209
28,980,287
0,889,295
2,791,291
-39,809,334
-59,725,303
-122,718,331
-267,576,389
-374,356,412
-611,539,479
-805,610,480
-952,280,643
-1010,300,615
-945,647,465
-979,648,515
-1171,372,582
-1128,285,569
-1080,286,580
-1009,409,451
-844,493,386
-1015,315,396
-902,424,285
-786,468,231
-711,492,176
-706,500,175
-709,467,206
-748,417,293
-772,334,362
-798,319,380
-846,306,423
-876,250,397
-887,226,397
-927,234,385
-1022,239,384
-996,250,366
-965,303,358
-1007,385,378
-1097,518,381
-1043,539,359
-991,423,253
-1137,416,214
-1204,529,263
-1106,442,228
-924,317,167
-761,315,159
-738,341,191
-668,329,186
-628,325,168
-622,355,176
-624,392,200
-719,393,222
-818,465,252
-901,526,298
-991,589,375
-1119,607,444
-1025,522,464
-905,420,461
-977,355,419
-1028,280,337
-936,254,278
-794,316,283
-666,417,323
-628,464,364
-623,426,352
-628,396,324
-668,412,328
-684,456,338
-683,477,360
-690,497,367
-712,532,377
-778,558,383
-864,531,364
-877,528,365
-936,616,394
-979,725,386
-964,639,309
-948,583,276
-1019,573,277
-1062,545,228
-1068,556,180
-978,507,135
-841,420,104
-745,441,116
-754,437,134
-780,449,113
-826,442,108
-857,424,135
-883,414,183
-925,422,234
-960,445,292
-975,453,329
-900,476,354
-791,443,423
-698,430,496
-610,427,470
-570,455,438
-606,494,417
-673,562,420
-749,596,437
-753,551,410
-751,502,369
-757,469,336
-760,462,313
-804,491,320
-867,517,315
-871,500,290
-881,487,265
-895,487,252
-907,485,241
-915,468,227
-907,456,226
-892,470,224
-876,488,238
-841,498,246
-809,487,251
-801,488,265
-802,495,272
-810,525,283
-824,553,298
-794,565,302
-744,576,307
-715,591,300
-687,591,283
-673,606,272
-670,648,259
-651,716,239
-595,748,196
-492,771,56
-403,850,-38
-463,929,44
-489,959,-1
-552,917,-43
-593,706,20
-675,688,73
-830,720,80
-880,700,18
-913,542,28
-902,664,-30
-871,719,-30
-918,636,5
-881,661,65
-833,760,135
-775,941,108
-670,889,63
-610,859,23
-643,725,23
-605,619,-1
-562,640,67
-678,794,64
-730,634,9
-792,560,10
-766,717,-16
-879,672,64
-913,734,-7
-931,936,149
-823,1048,58
-742,1048,-18
-582,832,-8
-445,965,-29
-355,871,13
-283,710,100
-265,692,121
-367,775,183
-379,738,129
-368,766,116
-471,862,149
-480,858,123
-517,912,129
-459,893,149
-426,917,87
-403,896,73
-456,856,166
-474,792,272
-475,848,171
-412,974,125
-404,1015,177
-341,906,97
-353,977,168
-373,885,235
-380,845,273
-333,863,245
-312,848,177
-282,817,162
-248,867,195
-269,942,345
-289,1023,451
-234,1025,456
-127,936,298
-110,907,309
-149,820,286
-245,791,269
-406,718,299
-552,769,284
-635,756,326
-645,700,409
-621,643,377
-636,682,361
-649,849,488
-702,896,727
-545,705,532
-632,815,532
-742,1040,458
-839,1054,420
-932,908,634
-771,879,758
-419,761,555
-207,815,318
-147,710,218
-172,730,250
-190,707,299
-223,755,371
-201,762,401
-169,755,446
-128,812,446
-99,814,344
-44,790,380
-45,791,352
-83,895,364
-157,947,493
-149,922,473
-103,927,363
-132,1049,368
-177,1046,373
-198,995,354
-216,958,324
-130,940,291
-55,905,294
-2,919,358
27,932,415
72,921,356
112,966,315
119,975,353
99,933,340
69,881,339
65,860,338
46,944,341
28,951,336
12,920,358
-5,918,370
-13,967,372
18,946,397
17,868,384
25,895,372
52,912,351
62,918,335
61,969,347
73,976,299
68,992,286
35,960,295
15,940,274
12,911,266
10,913,229
-15,927,186
-25,917,179
-23,945,213
-32,970,227
-75,1037,281
-57,1035,336
26,868,319
23,859,262
-81,1110,267
-252,1186,389
-418,1041,510
-445,998,640
-368,969,651
-299,812,610
-245,681,582
-207,657,518
-184,698,414
-173,777,324
-179,813,231
-195,663,348
-155,633,175
-72,928,-106
-159,1351,-490
-112,1454,-786
-94,963,-693
-62,572,-445
-153,640,-153
-84,781,9
38,1262,-25
64,1807,-173
97,1695,3
117,1113,49
36,951,-1
-106,860,205
-21,954,178
-377,834,273
-324,561,414
-405,788,285
-221,781,193
-54,691,173
42,735,186
56,885,218
43,1040,163
-12,1102,123
-41,1089,129
-53,1127,161
-121,1191,199
-175,1162,256
-195,1074,304
-316,980,304
-433,909,338
-446,866,369
-354,738,382
-233,619,404
-202,571,392
-208,582,372
-217,569,382
-194,589,418
-191,699,503
-155,666,555
-161,664,578
-280,773,562
-384,951,529
-459,1084,507
-444,1174,506
-429,1271,411
-654,1214,405
-875,1111,443
-991,837,387
-1044,640,368
-960,517,356
-863,447,353
-793,392,368
-754,333,341
-722,293,331
-691,297,337
-714,353,355
-739,470,366
-728,540,251
-581,619,260
-809,701,395
-829,644,317
-779,503,344
-825,567,455
-797,535,382
-755,601,331
-744,612,332
-698,669,184
-594,822,197
-594,744,171
-664,801,89
-771,1002,42
-735,860,41
-589,780,-57
-595,812,-128
-661,713,-201
-544,1033,-107
-483,970,-39
-462,948,-229
-628,749,-251
-647,688,-184
-570,818,-88
-377,795,-165
-506,943,-167
-545,811,-121
-536,863,-126
-482,856,-191
-558,876,-153
-480,682,-228
-1463,266,-45
-708,607,-58
-761,770,-103
-739,571,140
-634,814,19
-552,751,-240
-541,904,-486
-605,727,-289
-673,564,-40
-670,677,-85
-728,567,-93
-685,512,-156
-695,437,-60
-718,611,-94
-777,614,-92
-845,460,-12
-867,601,-62
-892,397,-68
-751,299,-203
-916,700,-233
-775,596,-140
-961,819,38
-1044,602,124
-830,556,92
-912,747,10
-996,500,-29
-1057,466,-62
-1057,594,-105
-915,649,-140
-725,569,-128
-773,582,-97
-760,504,-46
-784,452,-7
-791,611,-165
-766,595,-184
-809,498,-87
-851,436,-53
-868,366,-148
-859,511,34
-766,583,-145
-869,525,-64
-795,295,36
-711,549,-136
-865,835,-302
-711,677,-286
-763,533,-103
-915,306,-139
-1001,321,-205
-1124,312,-230
-988,259,-170
-996,463,43
-950,590,163
-1014,607,102
-1105,735,-129
-1046,736,-222
-1059,688,-184
-1075,693,-139
-971,712,-148
-852,1085,-419
-803,1046,-364
-825,891,-350
-847,998,-274
-783,1023,-263
-695,887,-172
-613,793,-65
-517,758,-109
-482,704,-109
-491,696,78
-441,641,-17
-445,611,-182
-532,779,13
-517,607,169
-472,482,156
-557,552,266
-592,555,296
-651,571,203
-739,687,213
-602,837,478
-457,737,711
-497,740,770
-409,871,415
-555,813,287
-646,459,335
-693,370,384
-622,528,226
-721,786,283
-728,883,350
-637,739,480
-519,768,498
-551,754,496
-599,816,442
-521,795,294
-521,770,344
-498,666,348
-522,727,290
-605,936,334
-605,836,304
-597,774,209
-607,721,180
-663,707,208
-659,716,277
-643,668,249
-648,748,289
-652,785,256
-624,938,260
-747,913,360
-1047,1004,317
-1232,887,247
-926,587,242
-748,447,297
-458,336,-47
-94,362,-733
-19,1238,-683
47,1237,-440
-118,536,-250
-386,372,-129
-513,665,-105
-571,922,-308
-620,858,-197
-593,974,-287
-516,984,-306
-491,954,-311
-493,958,-284
-452,868,-294
-445,780,-253
-428,742,-167
-428,906,-308
-430,809,-305
-426,746,-314
-443,832,-292
-474,916,-288
-433,918,-294
-428,884,-253
-414,974,-170
-390,1018,-131
-346,966,-171
-275,966,-210
-235,931,-145
-297,1043,-88
-215,956,-270
-247,740,-154
-291,736,-128
-397,1046,-180
-468,993,-167
-486,833,-142
-537,792,-25
-568,803,40
-553,828,71
-522,747,150
-508,831,197
-525,851,279
-513,760,317
-530,801,373
-561,880,422
-566,794,374
-574,843,466
-546,928,510
-495,860,571
-472,893,573
-463,866,553
-440,833,460
-400,885,278
-403,905,276
-424,772,254
-384,748,276
-345,735,195
-415,832,449
-445,639,564
-463,615,524
-519,826,607
-556,687,713
-526,482,567
-474,720,421
-446,681,497
-457,470,611
-529,521,584
-527,517,530
-555,607,568
-558,513,609
-541,487,658
-549,498,642
-648,710,820
-581,456,734
-636,614,688
-571,548,595
-643,549,607
-642,520,540
-639,532,565
-650,586,619
-694,661,596
-766,755,549
-775,745,529
-770,769,570
-639,443,642
-545,380,650
-570,432,509
-527,508,378
-373,532,451
-331,419,378
-237,552,339
-227,932,482
-159,890,483
-58,563,125
-205,512,-273
-513,1182,-33
-573,1251,18
-622,1290,-100
-1001,828,262
-802,962,97
-689,731,230
-581,673,156
-350,1006,-35
-364,988,-60
-377,976,-123
-420,883,-156
-450,851,-163
-577,840,-138
-544,827,-160
-544,1025,-135
-584,856,5
-668,665,4
-631,650,-93
-548,785,-218
-329,1166,-392
-255,1037,-213
-287,851,-142
-379,863,-216
-420,848,-209
-442,723,-156
-517,758,-69
-488,642,-67
-477,685,-125
-527,774,-132
-432,659,-124
-326,699,-141
-178,993,-281
-248,912,-204
-383,1034,52
-412,1210,187
-549,1265,213
-668,1021,181
-724,964,145
-629,839,226
-431,734,256
-384,774,358
-416,792,326
-529,857,287
-631,755,330
-678,671,313
-773,623,296
-746,740,316
-597,911,456
-440,985,544
-387,1074,617
-793,795,346
-844,643,62
-912,286,122
-978,495,190
-908,780,322
-699,741,341
-679,914,510
-582,770,322
-706,800,220
-669,823,203
-607,212,143
-620,607,229
-602,784,62
-665,695,119
-688,692,169
-679,743,158
-711,709,177
-712,656,204
-753,799,212
-866,968,261
-974,769,285
-1200,832,291
-1289,995,267
-1075,661,352
-620,429,180
-373,471,-40
-298,660,-205
-408,1021,-221
-366,960,-256
-338,655,-115
-313,580,-130
-299,524,-208
-324,810,-381
-376,888,-308
-533,756,-159
-574,720,-73
-526,897,-128
-517,839,-77
-547,773,-170
-574,828,-163
-504,938,-157
-444,824,-228
-423,822,-245
-400,763,-153
-415,923,20
-418,887,-2
-385,781,-209
-425,880,-131
-417,775,-115
-487,696,-128
-534,645,-76
-634,720,94
-653,663,200
-656,642,235
-728,758,210
-761,823,197
-766,708,234
-819,724,248
-850,729,209
-861,641,297
-788,593,301
-754,553,301
-717,625,296
-669,629,225
-655,540,244
-703,548,227
-745,570,199
-778,524,172
-789,462,161
-836,594,121
-858,594,120
-904,619,119
-945,593,159
-922,586,136
-925,610,174
-883,564,214
-872,432,149
-863,764,182
-837,507,237
-882,633,158
-1033,596,154
-1112,575,29
-1273,801,0
-1404,858,213
-1207,657,263
-900,618,175
-729,691,362
-442,869,252
-292,758,226
-149,575,57
-237,617,94
-367,449,170
-466,492,243
-511,706,151
-411,945,-89
-371,794,-25
-310,951,-42
-278,796,89
-213,774,63
-236,835,63
-284,739,157
-351,818,158
-431,903,145
-459,719,98
-508,831,73
-507,714,164
-537,794,182
-557,731,121
-627,685,178
-724,783,257
-728,765,287
-689,673,243
-717,757,281
-729,837,311
-664,729,182
-710,681,179
-887,811,370
-791,548,211
-884,571,164
-921,873,246
-806,511,254
-716,575,232
-709,482,198
-815,594,216
-833,638,209
-871,696,261
-850,599,308
-849,629,247
-884,629,214
-997,544,266
-943,519,168
-975,608,164
-1078,520,264
-1041,572,209
-1053,526,294
-1059,370,277
-1043,453,216
-1096,517,246
-1188,499,312
-1133,404,284
-1068,325,215
-1060,202,173
-1170,166,187
-1149,194,27
-1075,300,-164
-1056,333,-250
-997,311,-250
-952,306,-227
-936,305,-191
-892,319,-190
-801,338,-254
-705,433,-248
-652,568,-150
-644,655,-32
-606,713,60
-678,876,226
-740,889,366
-696,835,334
-653,847,297
-660,830,305
-639,841,265
-578,826,207
-538,779,146
-507,735,104
-478,710,96
-499,692,105
-511,698,142
-544,711,193
-535,721,222
-518,726,242
-517,781,291
-566,800,332
-630,808,388
-706,785,396
-711,772,358
-791,817,335
-957,856,294
-1063,822,299
-1079,722,319
-1040,626,305
-926,579,257
-790,556,227
-671,559,213
-645,624,232
-660,651,221
-695,574,206
-745,567,254
-711,588,233
-659,565,199
-636,584,223
-624,607,239
-582,649,267
-521,662,273
-545,742,324
-648,821,347
-700,871,383
-655,879,433
-818,918,504
-868,1012,440
-834,824,356
-681,797,294
-548,852,310
-454,878,295
-357,844,239
-276,736,170
-253,635,171
-266,707,193
-240,639,187
-184,600,127
-265,653,131
-486,518,197
-753,521,216
-976,656,294
-1141,812,245
-1037,673,182
-1084,759,294
-1031,721,485
-885,678,486
-797,778,427
-641,670,332
-542,663,269
-595,670,427
-587,605,495
-617,561,512
-620,673,323
-734,838,265
-780,811,292
-806,698,245
-779,770,94
-821,1203,-11
-740,1186,45
-559,992,33
-417,853,113
-280,694,220
-144,690,140
-160,779,144
-196,816,138
-205,803,157
-228,896,171
-207,950,152
-250,952,163
-300,905,227
-382,930,406
-468,926,496
-428,869,564
-312,874,564
-306,724,650
-183,963,709
-88,800,769
-43,785,720
-57,732,571
-111,876,394
-255,943,238
-434,841,154
-774,757,105
-982,948,121
-916,969,292
-657,667,229
-434,366,288
-486,682,658
-395,874,628
-447,770,612
-604,720,677
-477,537,548
-396,715,585
-332,741,629
-255,659,582
-396,756,671
-564,802,763
-597,709,630
-581,791,521
-626,824,639
-523,780,727
-424,720,771
-362,867,787
-330,921,821
-291,896,761
-252,885,705
-252,861,592
-280,823,569
-260,760,492
-224,759,402
-218,747,441
-138,715,345
-86,642,381
-10,612,408
26,688,478
148,702,337
105,674,308
118,723,311
105,760,262
-8,791,316
3,808,259
-66,800,319
-146,1008,343
-156,1024,252
-176,966,270
-250,1064,314
-321,1219,290
-401,1273,257
-409,1190,250
-356,1096,230
-317,1029,213
-283,892,175
-277,835,102
-279,845,26
-257,820,10
-243,805,16
-244,803,44
-240,839,99
-256,887,132
-274,881,180
-280,907,226
-305,911,257
-277,983,191
-373,1272,176
-569,1422,141
-687,1172,184
-496,926,190
-463,914,205
-514,1075,162
-556,1093,103
-455,898,111
-347,765,140
-320,714,184
-286,677,176
-265,676,176
-307,706,171
-332,731,144
-335,790,144
-369,845,172
-385,839,216
-385,826,212
-428,858,236
-481,913,219
-533,914,240
-594,951,204
-661,961,193
-622,722,252
-667,606,282
-729,677,230
-712,710,215
-717,738,216
-742,730,246
-724,648,277
-689,596,282
-656,581,261
-637,597,236
-625,572,232
-586,543,207
-597,573,192
-644,651,269
-630,662,226
-615,734,207
-607,747,228
-636,692,176
-742,747,144
-871,814,150
-923,777,123
-872,669,97
-845,637,75
-849,685,59
-825,640,59
-771,583,13
-788,589,9
-783,587,18
-800,585,22
-847,617,72
-866,630,46
-864,591,53
-875,549,62
-851,528,66
-851,599,79
-847,655,75
-864,690,74
-898,741,85
-932,777,100
-911,735,110
-840,676,95
-788,669,79
-771,660,93
-727,646,64
-727,700,67
-716,695,62
-670,663,30
-685,731,30
-715,695,83
-708,731,92
-684,738,88
-624,724,105
-572,728,108
-523,775,141
-487,789,160
-442,775,148
-422,779,105
-395,826,132
-378,884,80
-389,955,73
-430,865,121
-445,810,112
-470,877,105
-452,910,105
-406,900,100
-371,923,95
-383,950,131
-436,922,174
-461,891,146
-470,914,152
-460,891,225
-415,880,207
-376,886,202
-354,856,223
-354,835,226
-376,916,242
-345,952,230
-352,967,273
-327,927,255
-305,949,219
-282,931,189
-331,897,223
-320,850,212
-360,931,204
-367,929,153
-375,858,175
-354,861,204
-368,880,276
-394,880,323
-413,804,385
-487,740,399
-430,773,209
-343,1053,67
-196,724,109
-255,923,62
-315,1145,77
-263,1024,11
-298,932,-116
-577,564,311
-537,802,8
-547,1139,89
-458,919,-15
-433,985,21
-374,942,12
-353,988,-13
-327,994,41
-400,946,164
-470,909,250
-492,985,190
-526,833,100
-554,891,162
-588,1070,350
-498,1172,307
-315,960,171
-287,886,199
-296,738,243
-365,720,298
-427,660,469
-478,696,370
-536,618,451
-485,537,547
-499,475,562
-525,471,614
-569,452,646
-621,427,589
-685,399,537
-694,468,606
-729,521,615
-691,470,609
-784,565,783
-743,355,828
-854,240,747
-833,265,680
-932,486,655
-940,391,726
-909,395,724
-757,502,526
-747,422,460
-738,361,469
-754,493,390
-737,430,388
-704,440,360
-690,451,404
-638,500,430
-615,452,429
-607,496,394
-633,580,367
-619,531,371
-580,513,327
-641,637,409
-700,765,488
-706,824,478
-736,896,508
-763,892,519
-732,831,477
-719,805,435
-708,762,416
-660,715,379
-614,672,370
-549,647,357
-473,645,334
-393,641,306
-350,660,279
-351,681,260
-375,699,272
-406,711,284
-456,744,294
-510,742,310
-604,729,351
-677,664,440
-727,591,482
-818,677,560
-918,728,602
-939,556,597
-909,469,581
-851,556,562
-733,634,547
-616,602,481
-533,519,472
-468,478,496
-412,459,475
-312,512,415
-307,596,490
-284,594,521
-229,674,441
-243,756,345
-308,766,428
-414,838,524
-506,922,550
-522,1005,515
-412,1075,388
-404,1156,403
-546,1182,417
-441,885,275
-392,953,206
-495,1097,288
-586,1060,387
-537,913,333
-446,749,249
-361,690,234
-307,659,230
-279,626,226
-278,631,207
-327,702,245
-416,748,294
-454,746,305
-451,721,308
-425,757,315
-451,847,339
-473,874,394
-489,890,421
-571,952,456
-698,922,479
-684,793,452
-651,678,441
-669,648,421
-696,677,398
-763,653,368
-827,582,352
-835,527,327
-793,515,313
-728,493,301
-690,501,309
-687,516,325
-692,503,337
-704,527,350
-717,551,355
-736,568,370
-760,567,383
-764,554,372
-790,566,386
-799,565,393
-766,538,381
-736,548,387
-710,578,388
-724,608,406
-733,611,410
-725,615,406
-719,624,398
-680,606,396
-613,586,389
-566,593,377
-558,601,366
-578,627,364
-607,633,367
-646,664,373
-686,693,381
-729,716,396
-737,731,411
-719,751,417
-711,804,445
-683,841,470
-640,831,483
-584,948,502
-516,1099,486
-403,1082,375
-298,1039,313
-254,900,271
-233,766,226
-246,799,276
-236,788,348
-185,781,397
-112,707,391
-66,807,403
-70,641,449
-103,686,445
74,862,644
150,950,760
359,859,596
262,866,521
240,904,509
243,851,423
263,800,480
338,906,575
396,721,463
325,560,463
238,645,577
218,607,617
250,626,595
339,737,489
354,638,623
347,614,670
343,663,666
308,780,683
287,902,769
328,885,785
246,927,749
154,953,744
60,1026,688
-27,1046,613
-149,954,619
-216,790,562
-129,725,535
39,640,496
136,682,492
173,706,492
173,688,584
205,629,614
308,541,458
318,662,469
324,661,542
351,563,521
354,562,525
339,651,550
346,707,496
322,660,453
309,598,521
335,616,456
310,790,457
157,869,508
-164,909,606
-448,771,624
-701,671,560
-960,822,525
-1054,980,474
-969,929,404
-912,640,465
-829,511,516
-826,626,473
-769,875,488
-842,948,286
-712,943,827
-555,406,417
-696,494,403
-782,453,373
-650,699,423
-493,695,671
-502,696,505
-559,737,545
-565,642,534
-604,685,653
-456,653,696
-421,704,551
-509,636,428
-589,567,491
-577,578,545
-500,631,460
-553,641,533
-577,637,589
-575,627,586
-522,635,520
-532,648,513
-579,645,550
-583,632,553
-552,638,522
-525,642,513
-511,614,527
-562,673,568
-581,669,611
-570,639,601
-693,658,664
-957,772,746
-985,639,726
-952,616,852
-707,720,1088
-330,589,997
111,529,702
612,701,426
709,647,338
592,620,318
414,640,213
279,424,131
22,496,156
-380,634,323
-530,555,408
-745,504,465
-793,520,514
-699,568,539
-832,576,597
-920,594,730
-911,444,590
-875,455,529
-829,455,536
-781,456,477
-880,312,543
-920,308,550
-893,394,389
-883,565,355
-871,518,322
-874,529,418
-883,401,508
-857,468,409
-868,466,341
-885,421,339
-867,434,400
-869,377,407
-866,489,392
-856,454,328
-846,506,306
-865,492,365
-922,446,492
-973,492,446
-1029,631,345
-1073,630,336
-1019,628,412
-997,662,401
-859,582,391
-795,541,393
-819,639,433
-868,621,296
-747,666,218
-575,655,225
-343,529,276
-144,523,283
73,564,161
380,512,127
461,495,179
192,349,345
-264,780,363
-565,1025,547
-963,1052,448
-1680,1101,-43
-753,989,479
-454,860,426
-673,698,221
-651,837,122
-611,831,69
-573,780,83
-501,710,186
-603,791,147
-564,875,148
-524,866,110
-568,781,82
-533,761,28
-504,889,146
-470,846,71
-671,977,-16
-658,979,82
-600,725,251
-560,770,250
-566,860,105
-532,787,56
-579,666,63
-614,793,69
-633,814,86
-642,790,114
-608,880,130
-642,850,94
-625,747,114
-558,828,138
-660,780,141
-717,694,122
-624,722,124
-598,803,100
-638,770,62
-671,707,48
-562,756,42
-863,651,-1
-1070,471,190
-840,716,352
-909,1144,256
-964,1483,-48
-1061,1586,-208
-854,1508,-144
-533,1276,169
14,840,322
389,801,90
358,903,-62
249,949,-43
7,683,122
-66,436,49
-218,504,148
-459,535,322
-600,570,520
-535,429,756
-253,545,729
-122,796,745
-75,725,828
-11,652,879
-19,785,966
-119,366,872
-105,692,694
-62,763,810
-132,577,744
-162,755,799
-117,703,938
-149,572,980
-151,673,709
-80,668,532
-10,718,520
4,705,572
26,581,414
39,658,202
77,755,136
116,745,129
172,600,158
100,705,211
-207,1145,277
-607,1223,308
-941,1423,402
-1037,1189,541
-686,804,339
-755,1136,511
-719,1050,543
-613,680,633
-671,547,759
-572,536,642
-345,567,181
-303,950,8
-262,1119,169
-68,1048,71
-40,1021,117
-82,862,108
-141,877,104
-197,889,187
-291,859,296
-271,747,208
-328,915,234
-362,955,287
-360,924,217
-348,945,226
-340,826,180
-327,705,63
-313,1040,-57
-332,1095,-31
-314,938,10
-256,1015,-152
-178,1170,-150
-156,1082,-168
-163,1044,-86
-224,926,-79
-189,1072,-96
-180,1153,5
-121,1034,60
-183,974,140
-260,963,155
-248,940,87
-292,899,96
-333,883,5
-421,810,95
-420,608,167
-342,855,38
-469,1011,170
-476,880,103
-404,769,116
-390,766,189
-395,779,219
-429,831,265
-443,796,216
-549,904,254
-629,849,347
-749,816,390
-856,817,287
-883,775,146
-872,702,130
-816,462,33
-851,643,38
-849,513,41
-785,592,54
-702,602,6
-639,650,8
-666,754,40
-741,718,-33
-749,707,-41
-734,728,-240
-793,699,-262
-757,599,-369
-753,682,-452
-765,616,-352
-759,516,-479
-710,627,-552
-725,454,-577
-809,599,-443
-869,442,-426
-775,474,-514
-748,416,-510
-719,436,-537
-715,467,-542
-710,430,-562
-680,430,-573
-675,456,-593
-671,487,-601
-738,450,-566
-735,429,-551
-754,414,-479
-860,208,-451
-739,601,-380
-799,443,-357
-782,616,-401
-850,394,-357
-793,596,-461
-785,435,-317
-781,423,-460
-803,477,-414
-806,448,-536
-763,569,-584
-925,494,-525
-956,454,-378
-1006,284,-374
-999,407,-458
-852,457,-362
-794,410,-422
-718,476,-383
-704,414,-373
-613,530,-504
-677,473,-564
-628,514,-557
-608,407,-493
-679,386,-486
-666,433,-517
-652,413,-463
-649,403,-423
-644,450,-494
-673,612,-471
-716,630,-410
-786,396,-362
-821,463,-362
-835,450,-382
-791,372,-395
-764,369,-339
-759,354,-328
-796,336,-310
-866,391,-350
-1031,798,-639
-1045,421,-437
-972,551,-347
-991,547,-206
-1000,486,-101
-953,496,-255
-1009,590,-137
-944,460,-113
-807,386,-221
-677,463,-266
-599,558,-233
-584,551,-268
-623,659,-261
-621,637,-394
-681,574,-348
-713,665,-407
-750,640,-343
-810,515,-340
-888,517,-262
-951,458,-159
-968,446,-99
-925,523,-123
-941,557,-118
-932,605,-56
-856,586,-38
-858,631,-28
-834,481,-54
-804,593,-68
-825,551,22
-781,564,-159
-816,649,-138
-825,489,11
-821,479,-1
-782,444,-8
-806,713,-165
-769,820,-274
-743,690,-291
-801,522,-261
-909,517,-113
-934,392,-34
-798,401,28
-896,626,-5
-895,518,42
-888,526,-25
-859,593,-133
-838,516,-133
-839,447,-53
-922,553,-70
-844,552,-16
-792,479,-20
-775,280,-57
-813,571,-84
-852,523,115
-930,491,126
-925,550,112
-916,468,131
-850,495,25
-893,511,70
-917,432,138
-988,390,199
-927,437,147
-828,439,98
-796,657,133
-732,602,-84
-860,532,37
-780,446,-119
-948,591,-20
-834,541,6
-811,575,14
-783,497,19
-831,624,24
-808,684,-19
-766,603,-74
-798,475,-57
-857,542,-69
-895,570,-29
-843,684,-89
-784,517,-37
-733,586,-15
-756,695,-71
-763,679,-78
-740,642,-115
-773,553,-112
-789,550,-103
-793,576,-95
-896,579,-8
-1003,558,71
-981,400,152
-983,426,205
-973,507,205
-911,599,225
-834,652,170
-844,829,212
-724,717,0
-608,622,-192
-682,465,-148
-683,460,-237
-716,445,-172
-688,403,-83
-639,428,-178
-729,444,-137
-783,430,-78
-793,582,-43
-884,599,-8
-971,733,-336
-1055,710,37
-983,589,263
-808,540,-281
-1010,512,293
-816,414,104
-964,470,32
-1089,516,74
-1111,478,95
-1181,810,-26
-1056,623,-280
-1022,503,-217
-1103,604,-92
-1190,428,21
-1124,673,-38
-1048,598,-50
-1058,513,8
-1022,511,-4
-969,608,-43
-1012,567,-25
-909,594,-102
-907,665,-127
-898,574,-105
-890,563,-49
-832,712,-106
-799,618,-100
-777,622,-123
-765,684,-108
-733,668,-85
-694,595,-95
-665,618,-99
-657,685,-8
-605,668,17
-562,574,-86
-571,585,-210
-558,655,-242
-587,721,-164
-569,633,14
-546,639,64
-548,676,50
-546,704,-6
-495,706,42
-431,706,43
-494,641,48
-641,751,45
-657,782,12
-640,775,116
-621,794,244
-607,687,289
-584,695,194
-628,804,59
-616,754,68
-577,774,54
-577,762,74
-561,724,67
-508,869,-7
-473,939,-40
-442,968,-54
-408,913,1
-459,854,95
-511,739,164
-585,713,143
-655,770,185
-613,619,315
-733,653,245
-606,734,11
-474,1016,-57
-594,664,93
-498,609,70
-516,1077,-112
-489,1042,-106
-670,1072,-172
-397,990,-561
-447,1062,-13
-658,275,271
-857,584,-32
-407,836,-198
-548,929,-145
-441,912,-262
-396,957,-495
-479,959,-442
-508,876,-241
-576,750,-110
-620,918,-157
-610,959,-196
-564,868,-128
-493,768,-101
-458,776,-115
-452,772,-151
-425,727,-167
-467,725,-163
-526,690,-182
-598,659,-149
-687,732,-88
-760,776,-39
-818,803,11
-890,727,79
-932,633,147
-940,548,245
-939,505,261
-957,412,250
-955,405,263
-938,445,299
-870,481,310
-822,460,259
-842,464,218
-808,476,197
-786,522,198
-837,572,209
-863,564,202
-890,549,184
-797,472,175
-769,428,171
-847,470,180
-923,461,185
-927,432,195
-915,434,204
-923,429,212
-930,403,226
-916,382,229
-884,369,240
-866,357,262
-857,359,296
-831,349,316
-814,347,336
-802,343,370
-792,345,398
-777,343,402
-795,334,394
-795,356,389
-805,376,397
-802,399,403
-788,425,400
-753,438,392
-828,475,382
-1018,604,395
-929,642,393
-846,477,338
-822,423,337
-855,472,335
-820,485,347
-764,413,324
-846,495,293
-1014,593,307
-1062,551,325
-963,437,305
-822,375,313
-725,348,321
-685,388,332
-672,425,323
-684,470,331
-685,482,366
-671,475,387
-672,489,412
-673,468,423
-670,458,419
-696,468,423
-761,485,417
-924,533,433
-916,582,447
-956,598,453
-957,610,492
-1097,484,453
-1214,304,362
-1096,214,270
-880,256,214
-640,373,215
-504,457,262
-494,462,268
-532,447,257
-568,433,278
-605,477,344
-649,562,427
-622,628,468
-613,678,449
-748,739,449
-885,732,422
-902,721,407
-855,823,429
-984,922,410
-1012,912,299
-1023,777,199
-1084,709,216
-1069,636,203
-889,536,139
-693,471,94
-582,459,90
-551,487,108
-593,492,89
-633,489,94
-669,547,83
-704,590,157
-617,579,176
-539,617,178
-533,697,197
-525,771,223
-594,870,289
-808,1048,365
-854,946,378
-824,796,368
-921,704,349
-872,579,283
-683,605,214
-536,668,223
-487,705,220
-444,694,200
-430,688,206
-442,646,218
-458,619,227
-484,625,237
-517,655,251
-537,701,262
-602,779,281
-755,856,314
-782,832,309
-727,850,300
-684,930,282
-665,934,243
-639,909,199
-695,937,195
-770,954,178
-739,876,175
-619,760,175
-499,734,166
-424,750,166
-422,788,155
-448,784,147
-460,772,182
-443,778,215
-419,798,209
-391,798,205
-379,818,217
-397,852,232
-469,909,257
-583,1008,350
-656,1025,386
-637,982,415
-518,812,372
-423,713,304
-504,711,301
-663,710,303
-691,666,269
-631,660,284
-552,699,287
-477,744,226
-456,797,194
-490,775,216
-525,740,231
-544,735,258
-541,743,278
-529,769,288
-510,771,301
-482,755,300
-500,768,299
-517,785,278
-521,787,235
-552,836,160
-547,940,62
-483,1063,-83
-413,1034,-155
-372,937,-179
-406,1036,-130
-607,1044,56
-682,1057,98
-727,919,84
-647,942,109
-575,989,152
-467,940,130
-351,947,19
-287,971,71
-276,917,41
-321,836,1
-232,910,67
-199,1019,-6
-111,867,-151
-67,879,-202
-17,888,-167
-48,989,-12
-100,992,-26
-102,930,1
-108,1027,-5
-95,1019,-65
-89,1046,-71
-101,1047,-67
-169,984,-73
-232,1065,-74
-240,1050,-76
-252,1020,-53
-252,1010,-82
-265,1064,-81
-278,1030,-46
-250,989,-25
-228,963,16
-226,944,51
-238,951,73
-255,936,93
-228,894,113
-194,895,134
-194,913,153
-218,939,180
-259,974,194
-299,975,221
-333,931,246
-354,896,262
-355,872,273
-358,862,283
-341,840,294
-320,853,287
-306,873,275
-306,896,285
-294,907,297
-301,914,303
-315,906,288
-319,936,278
-306,944,271
-306,922,288
-326,921,279
-282,892,267
-228,884,219
-243,929,206
-279,984,194
-292,1063,179
-251,1116,217
-179,1057,274
-129,1102,235
-67,1106,209
-7,1040,211
49,1042,186
75,1069,147
111,1060,134
137,981,132
150,972,72
139,925,28
128,833,38
124,716,85
105,700,159
96,810,108
30,857,180
28,861,232
40,938,228
14,1012,242
-46,1026,330
-21,1048,333
52,1019,322
94,1027,342
146,1154,168
219,1152,89
229,1121,84
198,986,90
178,990,76
185,910,154
231,889,300
173,812,369
129,915,332
131,1064,257
32,985,104
-34,968,202
-27,1038,320
93,824,331
150,806,297
213,847,224
234,839,234
245,818,307
212,856,122
158,1054,149
150,988,201
134,895,275
91,971,266
70,969,222
76,1061,183
77,1111,261
76,1142,397
57,1031,482
31,922,318
-53,1101,294
-58,948,361
-193,759,324
-206,778,362
-206,876,378
-113,914,327
-55,952,312
-68,1029,268
-98,1213,347
-6,1077,351
12,830,394
12,906,431
-51,758,497
-153,546,557
-220,600,698
-162,691,602
-142,782,531
-139,967,495
-76,909,432
-79,908,297
-84,902,189
-98,927,197
-129,908,65
-249,1036,50
-281,1039,89
-338,968,-15
-336,786,34
-341,683,7
-325,807,-149
-235,984,-214
-224,940,-255
-256,1084,-209
-305,1219,-183
-330,1288,-177
-349,1347,-170
-386,1265,-83
-364,1138,-43
-319,1122,-111
-288,1090,-201
-230,1031,-176
-123,857,-262
-103,834,-281
-91,808,-330
-35,697,-168
-58,879,-288
-126,1233,-222
-102,1139,-82
-117,986,-14
-161,1152,-16
-191,1058,22
-187,1054,85
-153,1088,124
-97,1080,63
-52,966,74
1,942,57
-2,952,84
34,903,122
85,778,171
138,700,146
218,626,144
280,641,97
281,739,55
213,834,56
135,927,24
92,1036,3
79,1098,-4
91,1109,119
201,1025,142
199,989,100
198,982,35
176,988,67
104,999,103
-59,1045,304
-59,946,329
-20,950,198
-43,1004,261
-28,917,381
-2,1023,271
-15,783,299
-87,808,510
-106,846,490
-122,914,346
-155,893,296
-142,999,372
-143,968,275
-222,987,321
-209,966,384
-236,968,438
-164,976,349
-202,969,350
-192,879,318
-212,933,317
-256,915,434
-262,859,451
-238,840,343
-352,967,388
-326,984,499
-262,825,498
-267,943,452
-264,896,494
-160,830,428
-207,662,331
-309,806,319
-365,786,416
-382,745,439
-437,832,556
-426,843,550
-334,776,605
-442,906,622
-509,929,694
-381,841,598
-224,780,500
-99,804,417
-71,844,366
-95,826,365
-134,849,313
-134,1246,402
-151,902,415
-114,1013,295
9,815,295
24,812,274
11,793,278
-26,814,276
-92,834,337
-139,911,316
-144,1033,329
-52,1103,415
58,993,377
113,1004,318
67,872,274
-55,729,391
-167,856,446
-108,892,514
-33,834,445
-33,937,376
-36,942,459
13,836,461
34,899,485
95,1035,338
31,1074,255
-28,973,46
-229,1132,151
-321,996,313
-286,703,521
-158,776,408
-152,867,367
-149,952,397
-197,973,492
-207,1005,493
-166,1038,359
-169,1005,361
-187,1076,401
-192,1103,402
-182,1216,374
-185,1230,355
-139,1163,290
-63,1150,308
95,1058,279
229,977,282
294,903,197
265,876,129
278,769,214
281,610,241
276,690,154
265,672,121
259,666,169
283,619,177
305,594,213
334,624,211
347,738,165
350,763,88
285,865,-5
219,829,71
225,965,61
267,989,-41
337,1148,-183
371,1073,-281
369,1008,-333
334,1036,-412
277,1054,-364
269,939,-263
286,870,-294
312,917,-440
228,915,-432
186,987,-483
124,927,-347
77,914,-261
58,1069,-171
128,1077,-339
61,889,-301
34,939,-254
-49,984,-198
-83,1029,-179
-56,1103,-149
-64,1075,-59
-81,983,-6
-158,1051,102
-168,1040,82
-186,1095,69
-239,1159,-34
-226,1176,-67
-162,1226,-86
-95,1059,74
-38,935,100
36,932,-17
44,890,46
64,812,105
124,773,19
145,977,165
246,931,113
296,792,56
323,758,-59
261,841,-52
183,867,162
207,944,175
167,1174,168
109,1335,37
46,1459,-31
2,1253,-34
50,1014,-93
57,971,-202
4,1070,-311
-21,1263,-339
50,1025,-225
70,652,-106
46,809,54
97,875,21
181,866,-113
209,752,-40
143,722,-3
122,932,71
61,1041,66
98,1218,-97
112,1193,-193
19,1249,-122
-122,1289,-87
-153,1236,-109
-266,1033,-78
-254,1046,-114
-56,1022,-182
67,874,-40
89,744,18
84,801,20
130,700,41
127,737,29
172,830,-34
229,798,-10
260,841,14
213,1050,33
179,1129,34
153,1170,231
206,1335,44
170,1554,-216
69,1474,-202
-6,1119,-36
-24,999,-52
-62,912,-127
-87,984,-190
37,896,-234
159,832,-199
239,813,-187
304,749,-252
287,632,-221
260,516,-171
105,668,-77
42,884,-65
12,1197,-8
86,1240,-170
49,1292,-166
-78,1519,-341
-142,1327,-218
-355,1281,-141
-456,1179,-249
-205,822,-248
27,664,-253
116,700,-227
98,647,-170
218,589,-147
137,664,-129
116,737,-112
160,772,-151
167,894,-216
88,1027,-339
-57,1126,-366
-51,1204,-378
-96,1339,-435
-202,1282,-511
-192,1161,-507
-100,975,-617
-132,991,-751
-206,922,-698
-195,911,-513
-128,844,-328
-78,737,-262
-21,758,-241
23,759,-212
48,702,-218
68,659,-326
199,679,-406
58,881,-435
-14,1002,-533
-129,1113,-528
-295,1186,-388
-278,1121,-331
-214,1236,-277
-241,1092,-383
-343,1121,-425
-295,956,-311
-120,871,-344
-56,905,-260
-31,922,-164
42,774,-145
63,728,-170
12,790,-155
-17,712,-66
-38,850,146
43,536,-81
53,606,-114
47,861,-128
-70,1164,-434
-77,1275,-243
-7,1088,-80
20,712,-183
51,615,-468
-9,768,-426
-312,951,-15
-630,990,-305
-951,908,-16
-1125,885,215
-1000,741,134
-1014,961,110
-946,1351,316
-929,1044,471
-669,790,577
-664,589,438
-707,565,269
-802,497,148
-798,813,294
-517,488,311
-630,651,30
-886,656,262
-924,526,356
-680,634,368
-684,692,361
-723,693,276
-670,690,243
-686,715,261
-727,715,226
-707,650,255
-657,625,274
-676,732,301
-677,715,314
-660,614,258
-656,691,252
-691,691,225
-712,701,279
-687,732,224
-631,738,188
-617,720,274
-603,695,189
-698,811,155
-634,746,223
-685,681,254
-617,834,257
-587,511,143
-538,670,55
-519,989,67
-640,898,316
-621,777,381
-540,934,213
-616,1000,342
-572,760,269
-510,730,272
-564,729,151
-637,816,161
-463,736,268
-577,855,281
-577,788,181
-645,747,230
-619,675,266
-624,690,273
-663,760,275
-655,713,229
-525,813,393
-587,698,375
-816,445,275
-778,412,325
-704,506,371
-672,530,424
-630,473,396
-876,139,70
-868,760,369
-760,146,200
-818,539,213
-738,763,-11
-593,706,72
-524,509,519
-334,365,602
-564,637,657
-711,667,735
-660,516,337
-934,455,259
-980,838,187
-970,632,209
-937,668,345
-879,509,347
-898,396,109
-1082,506,95
-1153,585,277
-1167,257,88
-1169,487,86
-834,907,421
-785,589,373
-872,373,235
-807,533,261
-744,499,282
-786,463,316
-772,454,157
-913,440,175
-714,569,411
-815,556,191
-926,389,264
-838,450,292
-805,506,343
-878,471,295
-855,533,272
-814,524,269
-832,491,273
-861,497,279
-863,509,273
-798,501,271
-805,535,277
-812,470,217
-821,518,199
-777,513,239
-709,488,386
-668,327,152
-1017,532,107
-660,366,503
-760,700,276
-810,645,104
-816,358,454
-779,580,179
-785,432,145
-941,570,356
-754,732,197
-796,603,232
-895,567,353
-946,586,412
-958,699,481
-1087,658,362
-1180,541,239
-1160,501,118
-1176,597,82
-1077,525,105
-917,512,102
-802,611,101
-724,693,131
-596,644,106
-477,609,55
-459,622,69
-444,557,91
-449,535,120
-513,577,154
-554,570,118
-541,553,59
-644,507,61
-736,424,37
-758,429,10
-744,463,23
-754,522,105
-806,547,180
-776,591,205
-798,633,293
-819,635,334
-786,624,333
-791,625,364
-814,631,342
-859,601,333
-901,561,380
-907,509,406
-900,513,384
-888,500,386
-856,495,400
-806,481,365
-759,450,317
-747,461,290
-777,511,269
-795,551,258
-815,622,260
-815,665,306
-788,675,307
-784,645,317
-762,634,313
-756,627,293
-724,600,240
-729,592,201
-782,618,165
-880,649,174
-943,617,216
-949,544,273
-915,513,318
-916,495,361
-897,463,334
-862,492,289
-856,501,305
-835,540,275
-781,569,274
-759,567,272
-695,518,265
-672,516,254
-632,537,261
-693,529,324
-740,475,319
-715,409,281
-717,416,260
-799,501,300
-828,515,316
-846,498,308
-818,520,301
-789,513,284
-772,510,270
-811,529,265
-858,513,288
-880,430,285
-884,368,264
-894,335,237
-920,296,227
-943,261,219
-959,251,211
-981,257,202
-999,257,194
-995,243,200
-986,241,192
-974,239,177
-962,226,154
-951,224,150
-949,219,143
-949,229,140
-947,216,134
-945,205,145
-960,185,147
-959,168,143
-960,165,152
-977,159,162
-982,176,175
-995,197,184
-1007,186,187
-989,141,179
-963,134,175
-961,148,176
-968,131,170
-986,158,169
-1053,240,205
-1085,187,227
-1023,71,213
-995,50,218
-961,74,212
-904,80,220
-878,160,217
-897,238,233
-934,321,269
-930,271,257
-910,261,248
-957,297,266
-985,324,272
-1022,277,294
-916,139,287
-814,77,258
-798,71,213
-767,106,195
-843,212,217
-963,322,300
-1097,333,364
-1170,283,405
-1227,218,429
-1228,159,372
-1126,97,330
-1022,120,325
-872,146,320
-781,172,284
-812,263,242
-788,323,223
-816,348,256
-887,395,272
-921,417,289
-986,411,307
-992,357,314
-994,326,314
-970,329,325
-924,333,326
-889,337,328
-859,349,350
-882,353,392
-910,349,382
-933,322,338
-847,306,299
-732,341,297
-643,402,336
-600,412,325
-582,428,304
-637,486,287
-714,557,290
-746,643,301
-770,683,309
-770,739,335
-782,780,405
-728,802,401
-680,828,374
-614,810,373
-552,774,367
-533,752,359
-549,751,352
-573,816,409
-631,751,583
-669,652,600
-642,527,213
-786,473,240
-800,460,435
-775,259,450
-783,247,549
-813,348,686
-827,389,633
-830,341,516
-817,341,473
-765,279,477
-693,198,481
-626,349,455
-693,608,630
-538,911,627
-639,1061,803
-631,853,693
-629,915,556
-477,928,355
-360,964,259
-263,1038,133
-225,967,45
-186,767,-73
-127,595,-77
-74,437,39
-25,458,54
-2,559,27
-28,683,-22
-97,769,29
-123,707,164
-160,642,229
-343,739,250
-707,827,385
-871,458,453
-1320,463,477
-1827,1041,630
-1427,1104,659
-1013,664,470
-958,352,375
-933,323,299
-793,336,223
-633,511,170
-534,665,180
-507,700,223
-539,647,302
-623,571,349
-752,509,378
-804,448,382
-832,366,360
-865,373,331
-901,436,334
-986,445,336
-914,458,406
-806,483,416
-814,583,381
-853,825,358
-830,959,337
-790,871,250
-958,772,186
-1040,717,225
-1061,636,259
-963,546,191
-823,462,137
-698,444,105
-638,436,116
-613,446,99
-632,460,117
-627,503,139
-634,587,258
-615,589,278
-586,584,343
-556,632,387
-608,760,402
-845,910,517
-877,855,484
-672,698,444
-852,675,467
-911,593,445
-774,526,338
-634,482,302
-541,527,333
-452,552,306
-432,575,300
-494,578,332
-573,603,387
-667,617,434
-673,592,451
-645,560,447
-621,557,507
-605,600,523
-677,686,488
-680,758,452
-631,852,406
-597,932,361
-568,1003,268
-799,1056,262
-968,1020,333
-1018,857,353
-851,678,331
-688,498,324
-535,439,312
-473,443,307
-457,464,285
-469,484,318
-450,514,389
-438,563,430
-484,705,455
-518,789,461
-529,849,501
-569,904,585
-623,971,652
-624,919,645
-837,828,616
-981,668,644
-885,522,607
-650,454,534
-412,470,480
-253,516,419
-168,584,391
-156,602,380
-198,589,393
-199,587,418
-198,622,432
-222,692,480
-226,758,541
-229,777,589
-358,819,659
-473,1006,803
-268,879,797
-201,985,821
-181,1143,750
-201,1177,681
-293,1173,603
-409,1165,610
-505,1113,661
-510,967,675
-366,706,545
-232,635,518
-213,754,670
-180,421,645
-135,510,572
-177,450,658
-147,242,449
-355,351,340
-615,816,366
-580,875,218
-222,665,320
-442,893,951
-109,519,1710
-57,1294,56
-1491,-384,1848
-64,1161,1420
113,505,1380
255,448,1158
-279,627,1315
300,628,637
179,183,732
-131,-1162,191
-382,461,-394
-164,557,798
48,271,1293
-149,-260,1349
-91,270,1320
-55,376,679
115,314,743
-125,301,1009
-146,317,945
-14,479,1024
60,300,1003
66,347,895
71,424,891
100,404,900
103,376,880
157,423,855
113,464,846
249,441,903
238,474,864
223,527,790
267,504,833
260,572,846
282,646,823
332,569,854
318,590,855
254,536,949
322,581,823
459,656,666
513,691,726
523,517,802
431,507,586
398,435,667
356,519,699
382,546,565
261,556,745
251,444,754
444,695,412
346,611,631
393,658,788
494,678,646
413,696,720
440,899,601
380,890,610
360,839,640
319,763,638
283,693,639
249,714,812
227,525,864
265,594,744
209,530,717
29,607,566
-111,898,902
-39,1085,713
71,870,657
355,637,635
445,748,523
213,658,690
128,759,711
224,699,608
223,733,613
189,794,695
252,813,581
328,778,622
481,572,580
630,628,532
467,730,624
373,723,668
433,737,445
337,795,489
285,835,496
263,840,461
300,779,513
224,783,554
293,734,502
214,790,533
226,792,567
249,865,516
212,841,544
192,875,483
80,871,493
136,832,472
191,860,475
205,843,563
217,829,595
163,789,515
142,833,498
141,787,541
150,766,537
161,760,525
149,778,583
202,802,409
143,866,393
234,847,448
263,854,516
232,883,542
218,902,484
204,861,457
142,872,453
136,902,444
146,1003,545
110,843,601
270,797,544
292,824,542
259,836,527
263,704,544
300,645,613
460,570,559
395,792,580
215,1021,577
144,833,435
197,819,598
106,829,670
31,687,731
-69,543,768
-83,653,682
99,605,622
172,551,671
131,612,623
138,728,535
167,800,480
153,738,463
192,793,269
-43,715,659
19,433,744
8,413,616
-86,294,566
-276,451,609
-442,555,491
-595,514,366
-959,510,299
-1574,893,421
-1447,837,479
-1268,459,419
-1220,396,405
-1132,488,358
-1052,606,333
-950,646,291
-932,581,336
-957,414,200
-909,580,-36
-840,801,-51
-758,856,66
-725,704,116
-712,556,103
-717,509,85
-740,519,59
-738,535,47
-724,544,63
-753,566,104
-763,595,163
-749,606,225
-770,583,325
-778,575,444
-736,528,350
-834,567,329
-933,140,1080
-1096,488,986
-1186,449,494
-1239,539,580
-1078,667,665
-894,475,442
-1043,312,286
-1189,336,183
-1092,308,125
-889,299,130
-701,329,157
-579,352,163
-509,351,128
-469,376,154
-450,348,205
-461,310,246
-507,336,321
-600,410,430
-720,450,509
-799,495,509
-804,509,494
-883,630,478
-920,661,450
-801,686,434
-1039,761,450
-1091,935,432
-1109,906,405
-991,633,374
-968,549,263
-1075,538,199
-1073,537,257
-1011,490,288
-877,388,247
-783,285,218
-704,286,203
-658,344,134
-665,370,83
-713,368,98
-734,382,144
-708,328,217
-729,291,366
-834,352,532
-892,358,553
-958,532,535
-1011,613,574
-930,620,681
-897,561,663
-1026,439,541
-1002,245,411
-857,163,287
-703,228,288
-538,397,267
-464,552,255
-469,533,263
-542,504,332
-621,549,343
-692,495,413
-725,383,482
-739,338,511
-728,402,486
-865,469,507
-890,472,533
-894,593,522
-945,786,478
-929,857,414
-848,807,383
-1033,829,262
-1195,715,252
-1184,552,260
-1102,430,291
-938,388,308
-784,365,276
-658,366,232
-595,392,187
-560,442,153
-585,557,131
-600,586,159
-607,647,193
-593,674,260
-552,666,296
-545,778,469
-597,892,627
-649,962,679
-607,887,812
-567,661,739
-768,687,770
-803,742,792
-668,650,644
-483,671,609
-335,737,666
-214,735,604
-124,826,549
-56,778,546
45,653,562
102,760,626
147,694,631
192,541,559
293,511,594
278,465,717
250,388,658
287,315,551
184,406,569
-15,698,532
-70,1125,233
-90,1229,424
-463,1215,864
-402,657,1751
-220,91,1136
320,491,718
746,547,711
363,631,646
231,531,835
277,516,859
301,452,986
115,182,1081
262,73,1025
541,374,907
556,605,715
512,770,479
464,659,464
282,516,716
218,457,777
209,440,822
336,421,945
272,440,988
216,308,811
263,343,974
235,292,996
302,352,899
330,438,919
306,591,836
346,489,755
331,361,915
295,319,933
286,356,1033
238,366,1018
315,303,993
264,284,968
211,327,913
233,318,756
209,394,762
203,389,873
207,397,904
284,384,920
320,282,946
298,215,943
266,278,867
192,294,920
198,276,968
241,289,969
196,202,944
102,336,902
124,372,938
176,257,985
85,156,985
46,239,1005
19,250,962
-20,11,822
-38,351,898
37,115,977
39,121,960
74,121,949
79,277,1005
-8,233,1190
6,134,1013
-54,264,926
-57,243,957
-61,186,884
-335,460,851
-194,51,745
-44,-87,1029
-85,613,1215
225,163,911
38,305,795
-18,277,1134
-3,122,1062
4,-58,548
89,514,1177
100,75,1165
39,67,837
98,-364,431
151,426,767
111,223,556
270,163,498
565,501,742
88,218,1403
-29,701,836
192,561,1086
468,1005,711
248,1215,664
-1751,374,1608
-7,937,620
674,793,683
-221,893,538
27,895,448
203,585,355
72,706,299
-180,636,122
-213,296,-81
-221,258,34
-338,1102,358
-489,1267,89
-321,649,31
-575,873,113
-1044,1507,401
-841,1453,230
-994,996,-30
-1210,990,-394
-1470,695,-259
-1378,302,8
-1131,137,260
-916,214,351
-812,321,324
-775,414,238
-771,558,213
-783,693,243
-774,728,272
-686,705,221
-623,709,207
-597,779,231
-602,801,265
-633,793,270
-677,814,292
-817,850,415
-873,864,503
-788,699,484
-708,721,552
-676,919,654
-595,1096,712
-561,1184,705
-515,1212,664
-485,1167,626
-405,1189,445
-260,728,413
-92,618,482
105,618,448
206,470,346
300,229,427
353,162,390
369,189,384
391,109,438
467,161,331
585,245,311
735,253,412
898,292,436
1008,406,364
1073,417,312
1081,374,337
1132,382,266
1135,281,113
1104,318,5
1120,281,-97
1106,90,-65
1050,144,111
984,114,191
859,41,217
697,-125,274
664,-82,221
725,-40,105
791,15,171
920,36,174
968,39,243
953,55,275
895,-36,301
816,-87,220
717,-151,152
662,-141,148
536,-48,123
445,165,238
345,434,417
269,708,289
-120,1208,743
-319,1273,784
-291,1062,416
-506,614,500
-657,68,667
-783,19,686
-898,247,593
-1149,431,488
-1360,947,536
-1043,968,537
-808,604,451
-805,528,529
-758,522,636
-674,472,577
-652,484,544
-699,551,515
-797,606,504
-856,542,542
-923,460,541
-1114,587,503
-1272,573,540
-1403,548,438
-1238,515,263
-1193,406,206
-1151,495,250
-1019,510,199
-904,421,131
-766,304,105
-647,233,115
-585,223,105
-591,256,113
-628,316,151
-696,381,196
-722,434,265
-702,442,311
-703,438,352
-691,472,387
-746,526,415
-886,667,474
-1035,700,549
-1160,544,887
-946,761,535
-741,707,378
-931,392,269
-982,307,302
-891,264,305
-789,255,286
-694,333,254
-645,372,212
-629,403,170
-623,450,180
-655,469,238
-646,453,349
-610,424,420
-627,400,455
-686,451,458
-745,508,474
-911,631,454
-888,655,458
-877,572,398
-924,650,375
-954,813,482
-869,811,307
-738,829,193
-757,659,62
-915,622,128
-1049,586,188
-1112,581,274
-988,404,306
-841,231,255
-730,200,218
-665,228,198
-644,322,181
-654,391,170
-686,448,193
-702,466,222
-745,459,267
-787,432,296
-877,476,334
-957,540,471
-1070,566,810
-1164,858,413
-1024,763,269
-888,509,351
-888,313,387
-984,225,344
-991,220,260
-900,277,155
-834,352,99
-755,426,144
-673,406,252
-632,332,362
-590,326,403
-622,361,413
-631,355,405
-668,422,489
-695,460,568
-648,455,457
-659,569,376
-690,730,308
-766,885,289
-837,903,271
-929,880,220
-910,865,173
-802,850,144
-702,758,202
-747,608,260
-848,642,270
-966,671,306
-995,592,372
-871,442,398
-753,338,405
-677,280,466
-632,281,429
-634,383,407
-664,495,407
-708,522,396
-706,506,404
-669,503,382
-640,548,337
-647,619,304
-724,676,264
-779,747,297
-876,753,338
-1016,769,414
-887,634,483
-696,460,483
-761,383,411
-917,383,356
-870,367,367
-782,402,359
-734,476,386
-694,500,393
-678,464,377
-648,460,377
-613,488,399
-589,549,444
-571,583,476
-557,585,485
-550,580,469
-551,601,454
-537,623,429
-580,656,407
-614,665,413
-609,660,386
-670,709,365
-717,789,393
-830,802,399
-929,775,411
-814,643,393
-688,568,320
-735,593,259
-872,640,269
-990,627,294
-951,522,281
-840,424,245
-750,435,219
-700,488,218
-702,534,229
-735,547,249
-759,509,258
-777,489,269
-783,484,280
-765,494,276
-780,515,268
-843,530,289
-955,552,287
-854,530,303
-754,477,291
-892,544,332
-943,579,380
-784,454,331
-678,469,306
-662,501,386
-703,470,415
-785,488,420
-843,506,449
-882,475,457
-868,443,453
-822,390,441
-777,368,415
-743,368,389
-742,398,374
-759,435,374
-754,460,374
-732,455,366
-717,466,342
-709,468,331
-698,456,326
-698,472,334
-747,476,348
-792,478,368
-790,456,374
-778,428,369
-917,498,366
-1103,605,420
-1268,674,452
-1164,532,430
-860,302,393
-639,295,332
-664,397,297
-859,591,325
-1087,618,380
-1106,437,340
-967,281,302
-839,276,280
-737,310,265
-685,376,251
-637,432,222
-633,473,240
-638,507,247
-642,539,290
-632,567,344
-625,588,376
-639,584,372
-720,605,384
-819,648,406
-966,660,468
-963,568,509
-916,522,507
-918,512,570
-914,444,535
-989,352,447
-983,294,404
-866,284,344
-699,314,303
-586,370,287
-527,396,308
-517,395,305
-545,393,309
-545,395,288
-539,466,323
-529,529,357
-530,596,399
-614,644,435
-820,694,490
-969,663,484
-933,691,508
-953,811,571
-977,836,564
-999,750,437
-1048,712,447
-1147,725,468
-1094,671,448
-881,553,313
-665,485,272
-539,506,288
-477,539,245
-463,582,177
-526,638,228
-575,649,265
-578,691,276
-572,716,316
-534,767,328
-560,912,430
-446,898,584
-463,837,471
-496,938,514
-409,877,493
-324,891,467
-268,851,517
-219,759,504
-198,656,555
-215,586,512
-240,553,537
-236,527,493
-302,434,456
-419,346,433
-775,537,432
-1093,633,411
-885,427,310
-851,242,294
-916,656,451
-921,900,748
-735,-222,1248
-334,331,1070
-594,935,988
-640,594,1043
-648,264,932
-923,515,1193
-879,520,618
-512,1323,-449
-558,1803,68
-583,1730,133
-214,927,231
3,814,230
112,634,111
64,479,125
2,505,132
-32,486,89
-45,568,21
-125,723,70
-127,607,180
-76,477,50
-142,928,90
-198,995,192
-278,1138,281
-455,1414,330
-680,1271,452
-657,1137,471
-663,1121,368
-692,971,536
-727,716,779
-491,351,695
-369,570,478
-216,767,239
-145,951,197
-172,1074,415
-195,933,279
-195,936,421
-189,949,363
-270,1044,430
-510,1119,402
-781,1346,472
-926,1432,489
-569,1191,61
-294,871,-22
-276,965,-104
-243,1082,-102
-237,995,76
-195,735,103
-187,676,318
-167,583,336
-93,513,300
-107,571,268
-137,683,227
-190,809,163
-262,923,147
-290,1032,72
-414,1247,-89
-567,1503,-75
-569,1260,14
-687,1271,46
-880,1200,51
-862,958,51
-601,723,104
-379,736,163
-266,758,185
-182,815,172
-128,726,218
-54,680,132
-56,770,241
-68,701,269
-90,697,204
-87,794,166
-106,896,183
-192,1043,154
-303,1085,148
-264,1174,91
-249,1264,59
-394,1355,-47
-643,1495,-112
-752,1390,-50
-741,1167,-21
-648,1010,44
-560,895,75
-558,827,139
-498,537,154
-695,902,254
-815,1126,235
-629,908,177
-525,886,195
-397,852,138
-314,556,161
-223,467,286
-178,440,460
-198,234,460
-465,194,560
-914,459,677
-1204,502,681
-1416,209,564
-1404,325,659
-1144,690,754
-843,412,987
-751,470,1061
-514,396,815
-405,336,760
-536,734,762
-690,720,756
-752,597,783
-835,480,685
-893,582,206
-795,1481,68
-436,1474,-37
-116,1086,-152
-156,362,172
-294,352,77
-599,217,-300
-1194,670,-371
-1168,1381,158
-869,847,325
-835,608,670
-694,501,781
-739,333,816
-942,216,1006
-1000,122,1055
-883,638,926
-581,575,845
-425,606,777
-456,816,573
-441,779,284
-549,722,16
-795,1095,-457
-1203,1075,-465
-1257,540,164
-1279,410,493
-776,-88,942
-204,164,1096
33,972,1159
208,1392,411
-120,1164,-312
-1182,832,-28
-1406,660,64
-1473,127,298
-1362,43,792
-767,-108,820
-264,221,997
55,737,983
201,993,719
-43,987,430
-459,663,40
-1107,783,-118
-1555,928,176
-1333,532,-248
-1049,432,-226
-710,580,140
-254,484,627
-187,768,1274
-307,643,1327
-344,908,888
-402,902,707
-221,935,367
-365,885,215
-629,787,330
-779,700,400
-691,679,325
-798,728,351
-800,715,365
-711,903,294
-650,800,220
-679,660,168
-713,742,3
-724,904,-3
-641,933,136
-458,623,198
-496,757,22
-712,774,222
-705,555,342
-793,746,601
-837,927,609
-715,608,635
-625,578,749
-488,679,694
-216,815,821
-10,740,781
83,635,656
71,620,396
-152,958,192
-418,1032,194
-364,801,-1
-341,942,-171
-346,1136,-94
-314,760,4
-423,858,137
-390,1147,130
-422,1148,312
-468,889,326
-588,897,177
-611,781,173
-590,751,177
-533,761,123
-498,874,228
-444,1106,569
-341,1093,588
-457,828,504
-469,634,299
-653,876,367
-845,785,600
-804,861,834
-381,570,718
58,678,-23
446,913,684
789,571,666
641,856,441
357,850,4
-640,1051,-738
-1384,1806,-590
-1013,146,-204
-934,947,-312
-1045,1093,566
-1000,801,1226
-577,482,423
-549,853,-319
-687,1548,157
-357,1100,393
-40,821,382
-42,1103,344
94,1029,189
144,940,-26
321,878,75
323,736,161
272,1136,25
88,1259,60
-143,687,-13
-715,980,-33
-1361,1083,-30
-1434,1036,-39
-949,686,331
-636,761,259
-375,769,370
-237,850,446
-262,872,602
-211,680,786
-273,440,884
-541,639,619
-704,658,536
-577,553,435
-589,507,416
-569,728,378
-623,792,334
-670,764,382
-641,1021,229
-688,863,272
-580,680,230
-530,721,250
-515,847,306
-589,864,482
-623,834,641
-562,788,696
-627,630,756
-433,776,360
-336,1101,554
-260,772,606
-298,654,489
-349,804,309
-300,1067,158
-353,849,243
-450,756,139
-455,1039,29
-594,1091,-77
-555,735,-143
-365,451,-230
-236,628,131
-324,752,438
-485,785,566
-865,1144,869
-934,997,826
-828,1215,681
-593,659,689
-377,815,556
-80,657,490
158,612,653
70,464,600
36,466,248
-136,575,194
-546,861,283
-789,908,281
-939,841,313
-882,679,379
-633,690,596
-507,744,586
-474,755,665
-395,549,707
-439,580,708
-448,633,706
-576,757,704
-464,681,536
-707,705,535
-637,640,464
-613,635,587
-444,758,785
-390,700,806
-386,433,671
-369,276,537
-910,884,734
-905,316,516
-968,132,167
-1180,1126,0
-797,814,-142
-693,643,219
-501,646,357
-206,430,318
-2,522,497
29,251,609
-153,154,599
-836,1152,1083
-1147,1268,1052
-1217,1007,703
-1022,720,457
-959,588,221
-986,680,281
-814,535,247
-746,32,-37
-640,285,-634
-814,1183,-246
-699,865,76
-655,694,132
-577,732,-36
-604,700,-58
-629,630,-136
-656,760,-225
-715,739,-203
-700,637,-121
-707,592,-133
-706,611,-145
-731,620,-150
-760,660,-136
-757,694,-82
-814,708,-104
-833,855,-220
-758,932,-245
-589,871,-164
-430,803,-169
-340,1005,-243
-179,956,-332
-7,805,-287
43,875,-289
30,917,-232
-12,842,-236
-116,963,-216
-231,1147,-260
-283,1211,-174
-307,1212,-76
-327,1165,0
-302,1148,60
-218,1176,48
-133,1075,147
-78,977,136
-130,922,236
-196,911,194
-272,971,138
-299,875,148
-307,843,298
-282,857,348
-204,895,218
-138,839,262
-201,799,284
-329,686,159
-577,796,231
-686,717,155
-864,611,42
-1101,760,-30
-1157,812,-359
-1271,1147,-217
-1227,1393,20
-968,872,76
-700,627,165
-597,825,344
-637,749,563
-618,731,648
-616,808,670
-594,704,507
-783,664,495
-931,606,500
-930,762,257
-888,1057,58
-788,943,-78
-708,961,-82
-648,771,-122
-604,710,-150
-594,718,-200
-606,713,-236
-612,740,-263
-620,710,-276
-593,701,-288
-598,742,-271
-588,789,-298
-589,839,-305
-570,878,-289
-681,964,-326
-760,1040,-422
-708,968,-415
-548,834,-318
-467,821,-273
-408,851,-296
-334,875,-285
-259,789,-252
-195,779,-235
-189,776,-185
-195,813,-139
-218,904,-127
-233,947,-116
-243,957,-108
-265,959,-19
-270,980,49
-256,991,82
-256,1010,102
-252,992,100
-261,944,112
-309,940,92
-431,1050,98
-590,1123,103
-634,1099,81
-606,1051,49
-596,1004,-4
-516,923,-56
-371,822,-108
-226,785,-149
-158,890,-186
-188,1084,-223
-218,1086,-259
-264,1039,-186
-300,1074,-168
-389,1096,-82
-491,1120,-25
-562,1099,4
-588,930,42
-616,812,124
-668,821,191
-630,753,172
-582,742,91
-586,791,83
-578,699,132
-480,565,151
-621,710,275
-720,967,331
-737,935,352
-657,984,471
-408,1015,496
-316,902,428
-410,874,451
-464,876,474
-579,765,340
-847,716,226
-1014,657,540
-797,484,553
-801,753,384
-806,677,314
-772,530,334
-712,528,467
-692,574,393
-645,504,264
-660,678,250
-621,867,324
-504,759,238
-641,932,294
-593,929,184
-704,793,432
-687,819,505
-617,756,625
-474,824,727
-481,966,774
-422,931,711
-225,1202,656
-21,792,559
6,701,455
-63,678,268
-237,815,-13
-249,612,-306
-871,684,-492
-1465,1137,-205
-1314,829,111
-719,378,43
-939,1079,516
-825,797,773
-752,417,750
-667,494,944
-532,681,823
-537,567,679
-378,681,652
-43,664,18
-16,894,-181
-483,856,-96
-645,692,-663
-1169,1577,523
-985,467,676
-621,269,15
-651,786,-300
-745,1079,174
-655,856,277
-621,745,207
-615,778,74
-563,880,-97
-593,970,-95
-595,873,-99
-544,793,-145
-507,783,-216
-518,814,-196
-469,805,-178
-468,783,-161
-450,833,-181
-419,855,-169
-387,877,-187
-369,866,-224
-315,902,-226
-246,890,-188
-214,923,-174
-220,988,-179
-271,999,-172
-336,1019,-155
-377,1034,-119
-420,1003,-101
-426,912,-14
-393,918,48
-386,928,76
-360,905,56
-339,863,1
-323,790,-47
-326,750,-104
-371,710,-139
-397,732,-139
-349,783,-115
-292,862,-79
-281,940,-31
-306,1050,-15
-318,1051,-60
-345,1011,-114
-399,943,-125
-458,943,-127
-656,1033,-190
-874,1158,-242
-812,1061,-125
-674,837,-25
-730,820,-155
-808,749,-240
-838,747,-173
-733,788,-48
-570,866,-7
-447,903,-78
-374,791,-150
-378,745,-182
-405,717,-214
-396,755,-254
-304,774,-254
-227,809,-260
-167,870,-280
-140,916,-259
-174,999,-266
-244,1119,-238
-329,1149,-141
-440,1317,-97
-380,1372,-106
-474,1181,36
-724,1058,65
-845,1059,4
-609,840,-2
-332,644,-25
-218,631,35
-203,643,113
-152,631,66
-113,636,26
-85,658,55
-39,679,121
-17,795,85
-46,894,40
-157,1113,34
-298,1172,-25
-361,1140,-34
-328,1164,-101
-254,1428,-189
-355,1464,-185
-499,1344,-165
-465,1047,-287
-457,910,-213
-515,810,-258
-526,880,-258
-409,770,-161
-275,703,-89
-182,708,-61
-148,619,-59
-164,627,-111
-229,749,-61
-284,816,-16
-297,870,-29
-338,1018,-114
-350,1177,-144
-383,1233,-111
-449,1350,-206
-514,1346,-248
-609,1065,-107
-790,792,-38
-811,894,-98
-592,769,-24
-359,633,3
-213,629,42
-150,635,80
-91,565,-10
-116,723,-53
-123,793,-68
-138,817,9
-140,892,-53
-170,1052,-100
-299,1158,16
-543,1222,136
-570,1172,79
-485,1329,-36
-616,1384,-28
-642,1065,113
-622,1045,50
-601,1061,-94
-688,1015,-97
-610,870,-74
-447,679,-28
-310,600,-22
-224,563,-22
-164,607,-30
-134,609,-64
-142,687,-29
-171,737,22
-227,821,73
-290,971,27
-373,1187,7
-462,1221,107
-573,1453,99
-553,1432,-65
-624,1237,95
-793,1099,112
-790,1026,44
-616,896,88
-317,790,160
7,797,199
136,791,337
194,708,367
179,674,359
175,744,339
166,798,331
95,844,386
34,889,436
1,861,461
-71,776,485
-79,697,455
-62,664,527
-136,781,641
-255,582,646
-439,690,617
-740,835,652
-649,845,663
-649,880,775
-815,1149,857
-709,796,302
-814,1103,184
-548,1388,301
-274,1107,267
-96,837,286
42,660,420
162,674,495
27,603,495
-112,188,834
-185,203,935
-606,1007,1118
-654,1264,788
-612,959,130
-1026,1536,58
-349,1808,-405
54,840,-111
413,198,-11
212,152,266
-307,1563,900
-577,497,904
-763,567,147
-887,1801,119
-264,1738,75
-32,1099,-29
86,825,-140
239,368,212
329,60,431
-140,253,387
-881,1682,1117
-882,617,1020
-783,718,489
-652,1415,510
-389,1184,426
-323,812,409
-262,722,345
-250,741,232
-255,765,189
-262,710,238
-311,647,302
-378,622,344
-447,681,340
-560,716,373
-783,988,504
-783,894,537
-664,678,492
-631,634,410
-611,430,291
-665,542,264
-720,572,300
-797,534,326
-851,533,310
-914,588,285
-903,583,272
-919,483,305
-874,477,266
-823,438,280
-813,445,384
-805,409,394
-768,388,374
-759,391,399
-809,426,446
-832,466,488
-821,414,476
-851,376,439
-910,346,391
-963,357,389
-933,368,382
-886,352,358
-898,358,324
-934,384,307
-938,402,290
-954,433,266
-924,459,276
-853,462,269
-770,502,216
-732,568,181
-681,647,197
-627,714,182
-607,842,255
-691,902,272
-732,806,274
-727,667,271
-702,621,281
-661,598,338
-612,611,337
-582,665,328
-555,700,345
-535,692,362
-561,638,431
-611,692,465
-625,720,387
-627,749,314
-622,721,335
-627,764,336
-632,740,322
-634,686,342
-642,673,351
-696,635,303
-736,593,345
-747,556,365
-865,572,366
-892,640,395
-919,681,381
-801,672,387
-689,565,366
-699,481,325
-743,384,272
-807,369,239
-836,412,235
-856,469,274
-851,457,326
-858,402,349
-845,366,318
-816,364,300
-837,425,329
-894,513,381
