98,700,679
111,698,685
115,702,689
122,672,684
151,663,680
171,719,706
161,732,734
163,701,728
168,714,721
138,729,720
151,742,684
155,737,642
204,887,677
346,874,628
437,896,610
480,886,742
529,746,830
500,552,793
480,406,818
450,449,839
326,509,780
169,566,667
195,654,763
244,672,707
270,592,593
262,417,526
166,340,716
243,321,609
291,454,538
386,353,648
380,368,478
156,544,1052
326,603,856
270,585,795
353,603,734
438,526,590
532,639,451
582,664,356
500,1103,252
399,1005,221
272,859,898
231,864,592
142,1024,612
151,842,472
142,905,520
177,1046,402
170,857,464
127,885,507
41,884,465
-35,853,488
30,860,539
174,991,497
247,1005,444
305,894,464
332,930,483
330,902,582
395,862,507
454,755,395
388,792,484
414,856,528
323,747,573
431,734,328
260,879,272
399,689,336
403,628,500
429,622,518
424,720,510
448,723,571
442,673,599
414,720,583
402,674,563
437,610,472
510,671,531
615,661,493
641,638,523
612,711,641
586,685,603
610,761,455
511,858,654
461,884,853
436,584,807
443,644,680
325,265,665
379,361,618
471,759,578
461,908,554
382,570,599
394,240,583
437,101,617
501,243,693
555,455,779
525,522,916
357,623,812
131,359,789
57,285,778
-198,387,863
-245,477,958
-143,475,1128
-73,486,1206
-41,509,1156
5,475,1055
-60,450,912
-113,418,880
-141,413,859
-33,273,761
100,220,761
178,360,929
160,417,975
218,525,944
361,654,726
404,839,666
611,774,484
687,568,524
625,407,790
520,293,862
461,216,714
467,470,664
393,569,792
339,350,764
318,593,920
365,585,901
375,615,850
414,662,705
464,605,758
410,487,636
476,558,453
432,613,438
383,771,446
428,1023,408
473,868,254
473,866,251
502,775,254
497,855,361
463,887,468
451,820,452
456,816,401
417,827,412
360,869,510
225,889,612
113,889,644
56,836,673
13,812,828
77,785,835
-223,1024,636
320,862,666
278,891,401
515,668,303
587,641,397
747,757,218
832,479,133
691,576,193
526,727,299
472,935,178
461,1111,222
389,1062,312
391,1007,241
287,837,280
147,921,522
170,877,516
194,832,456
86,912,736
165,941,838
186,901,689
132,868,573
90,845,594
184,923,602
291,989,612
386,947,569
382,874,613
474,753,578
609,676,457
599,534,387
570,598,405
652,826,306
596,770,346
549,694,396
484,780,460
435,745,540
382,823,531
280,884,502
148,901,499
82,1092,487
22,1083,366
-78,1016,406
-65,1059,295
-81,977,248
-137,782,354
-215,891,365
-345,841,438
-266,930,369
-360,593,427
-264,883,253
-296,834,272
-325,856,256
-363,784,259
-332,846,187
-329,826,253
-277,761,260
-203,765,311
-160,836,308
-136,901,263
-91,918,268
-170,1043,293
-277,1128,272
-255,1092,243
-188,1007,249
-134,943,251
-105,907,257
-119,940,240
-173,956,227
-215,926,237
-225,943,240
-232,1011,256
-209,955,246
-140,927,246
-102,963,217
-92,911,216
-90,931,209
-126,1050,253
-160,1035,190
-224,1108,162
-230,1106,224
-198,1079,202
-120,1013,167
-76,1004,100
-46,954,77
-66,973,116
-73,1034,112
-18,973,86
31,896,-1
19,959,98
-67,1129,180
-194,1076,175
-185,979,159
-318,1031,137
-502,977,135
-547,949,35
-681,963,43
-696,901,106
-677,888,166
-629,933,177
-529,884,156
-458,853,117
-388,812,145
-320,796,197
-281,852,195
-254,847,183
-259,900,237
-229,929,294
-195,895,318
-178,857,299
-158,851,300
-139,826,373
-97,801,415
-42,843,390
-31,886,387
-49,899,448
-37,830,453
52,946,390
-23,1135,381
-88,1178,339
-181,1332,340
-259,1331,334
-306,1143,345
-289,889,389
-261,794,359
-289,723,356
-289,662,354
-289,591,338
-366,653,377
-397,603,414
-451,584,423
-481,634,485
-463,629,462
-488,565,493
-535,651,619
-626,720,605
-750,695,604
-747,591,538
-705,552,514
-730,599,539
-757,589,439
-766,635,413
-748,659,448
-698,570,435
-642,681,563
-581,581,600
-645,783,563
-736,733,540
-760,696,572
-726,735,588
-615,759,522
-632,689,376
-693,700,423
-560,673,519
-473,658,590
-397,678,431
-583,675,82
-776,698,4
-776,1008,236
-731,921,306
-501,733,333
-229,827,305
-8,1045,347
-285,1099,423
-554,557,711
-819,858,493
-545,840,343
-327,799,305
-372,823,209
-514,870,110
-596,948,168
-587,1103,159
-597,983,208
-537,986,351
-489,1005,273
-417,1066,316
-317,833,195
-89,865,363
255,903,287
277,798,431
247,858,40
136,806,168
57,725,337
145,583,-147
-95,1094,-46
-211,1201,189
-260,1310,14
-168,1129,270
-25,883,393
16,952,408
-331,859,396
-663,648,337
-550,778,407
-240,829,375
-191,748,391
-335,790,250
-211,1140,280
-177,1166,268
-251,1142,268
-267,896,218
-269,699,190
-302,819,220
-380,921,276
-487,985,156
-617,981,180
-641,1036,312
-589,869,444
-406,768,365
-305,732,296
-265,727,213
-242,656,142
-249,788,263
-219,848,185
-227,881,161
-274,828,208
-280,913,158
-269,932,-1
-312,1047,31
-407,971,157
-402,881,104
-465,895,59
-634,710,34
-818,603,113
-818,606,-4
-913,662,-17
-917,587,45
-877,533,41
-843,596,86
-808,722,33
-797,735,42
-830,674,91
-778,664,58
-730,735,95
-798,658,35
-841,761,43
-912,702,42
-900,653,-36
-806,794,127
-714,707,137
-658,779,149
-638,653,252
-622,813,194
-626,772,239
-612,812,248
-751,999,409
-538,812,392
-466,1062,282
-641,938,411
-649,788,275
-662,885,194
-754,740,260
-768,810,135
-926,624,131
-979,698,20
-952,887,83
-892,1022,73
-789,1002,140
-637,1064,139
-574,1102,273
-394,1100,286
-379,1138,257
-353,970,218
-325,1027,105
-339,961,-76
-326,838,-301
-308,810,-360
-231,682,-290
-210,636,-127
-179,652,419
-16,890,273
28,823,-23
75,928,-127
-6,999,-4
-16,1111,-116
-10,1118,-215
-11,1081,-257
-2,1058,-381
52,1182,-455
221,1049,-497
315,1012,-527
261,976,-388
192,777,-431
112,713,-496
10,726,-336
-30,749,-287
-90,589,-231
-241,684,-29
-168,817,53
-318,1062,234
-307,1032,325
-385,1301,494
-211,1160,229
-250,1191,283
-230,854,294
-224,701,306
-111,899,135
-46,1014,102
-34,917,187
-28,979,176
-27,1047,132
27,1092,-58
20,1060,-19
-76,1058,72
-97,1089,29
-97,948,46
-9,913,50
-12,1141,4
-25,1064,161
-178,984,310
-236,708,194
-479,896,155
-567,1139,208
-439,790,222
-307,702,128
-221,816,158
-165,793,286
12,605,-212
69,1178,-729
-12,1573,-709
155,1256,-620
5,1040,-448
-86,834,-161
-80,833,-56
-136,987,-96
-174,1157,-243
-273,809,-165
-331,787,-14
-424,772,-32
-325,874,2
-271,715,-347
-366,696,-313
-491,915,-251
-593,889,-89
-607,987,39
-645,843,42
-505,812,-20
-369,837,3
-418,668,84
-461,580,101
-465,588,-60
-548,730,45
-653,859,79
-756,737,-36
-838,758,75
-979,1059,8
-920,959,72
-883,778,206
-753,874,43
-701,783,52
-697,708,89
-663,752,46
-535,803,190
-524,698,209
-596,783,230
-675,738,293
-697,705,267
-697,645,328
-674,758,255
-674,699,248
-698,711,231
-645,780,249
-743,773,120
-893,897,83
-918,803,52
-795,1036,178
-789,996,128
-686,851,-74
-627,838,259
-456,698,536
-361,778,547
-245,1105,394
51,1250,73
-114,1003,178
-302,959,23
-285,900,-281
-644,526,64
-568,698,-85
-708,823,150
-508,805,186
-519,774,129
-601,962,71
-647,869,121
-674,719,79
-631,741,126
-595,724,107
-727,882,174
-741,733,86
-759,941,-72
-685,795,76
-544,934,-50
-615,1085,101
-481,894,28
-413,1102,-20
-374,911,-16
-300,880,-63
-273,884,-127
-255,707,0
-237,689,-37
-377,806,-122
-417,750,-110
-427,717,-152
-550,850,-85
-583,838,-143
-575,906,-113
-665,785,-28
-611,859,-58
-526,976,-141
-523,847,-79
-497,959,-152
-578,842,-160
-647,799,10
-651,917,73
-600,779,-81
-622,670,39
-618,829,128
-582,826,16
-578,788,3
-605,819,58
-577,848,-31
-590,849,58
-594,868,82
-582,849,28
-547,825,23
-563,865,5
-560,863,-8
-493,870,-19
-472,888,-41
-477,907,-12
-568,777,84
-573,833,72
-624,775,127
-600,823,78
-590,917,81
-572,893,49
-613,877,54
-605,794,52
-646,794,62
-669,725,80
-661,702,87
-622,730,21
-608,778,-4
-606,795,30
-549,741,2
-582,713,-28
-672,663,-23
-665,712,-58
-749,584,36
-730,675,33
-710,664,94
-740,657,159
-716,683,109
-723,728,67
-748,706,64
-756,674,82
-755,646,79
-713,667,60
-705,691,63
-740,667,90
-702,763,47
-731,709,75
-719,637,92
-746,673,66
-793,591,123
-822,620,121
-755,630,40
-738,612,52
-769,615,76
-814,625,103
-779,580,87
-773,595,96
-754,709,93
-743,740,109
-718,630,132
-738,770,89
-803,689,117
-829,672,168
-922,789,278
-950,581,258
-1006,505,119
-1094,681,43
-1224,793,19
-1329,1031,57
-1346,957,306
-1114,1093,290
-728,1175,79
-525,1077,242
-446,1138,577
132,933,57
595,753,-226
706,1048,-304
457,-438,708
333,-170,42
85,305,35
-335,1080,318
-605,932,59
-406,871,449
39,586,557
115,683,522
125,509,570
-21,609,738
-248,889,951
-252,806,812
-477,1260,742
-408,1163,800
-264,772,854
-212,672,674
-149,566,599
-44,416,597
123,333,371
278,410,164
442,387,89
532,421,47
559,757,155
496,1076,186
361,1248,340
161,1217,382
18,1306,202
-249,1460,526
-315,1166,413
-333,1083,267
-306,1099,370
-201,1013,423
-91,1026,487
-317,1003,776
-434,1163,779
-206,906,299
-123,836,113
-21,815,124
80,612,129
121,664,146
-2,769,114
-183,720,163
-172,1020,390
-339,834,411
-377,618,445
-338,819,353
-433,1040,459
-404,967,414
-180,675,303
-266,845,125
-371,1253,246
-491,552,776
-418,1129,694
-367,1439,442
-318,527,621
-480,695,408
-498,734,321
-522,699,483
-379,667,680
-332,654,572
-220,801,481
-257,996,462
-359,909,507
-489,675,373
-620,986,322
-647,738,550
-593,567,385
-618,647,298
-654,754,245
-662,789,294
-610,746,339
-552,773,331
-472,802,268
-446,840,283
-448,853,340
-457,822,430
-447,797,491
-473,790,557
-528,833,604
-555,879,659
-567,885,647
-572,851,623
-592,807,627
-605,762,604
-611,732,560
-587,706,512
-563,684,486
-540,666,450
-528,639,405
-518,618,385
-523,625,393
-507,617,379
-500,659,383
-524,708,411
-573,745,452
-614,783,470
-634,809,517
-655,790,549
-647,739,556
-600,684,552
-574,582,552
-536,511,546
-557,488,540
-574,442,508
-565,432,473
-530,444,422
-520,502,406
-544,616,437
-597,674,477
-586,650,466
-527,600,469
-522,576,510
-545,590,556
-605,594,588
-655,568,601
-656,497,597
-668,518,629
-657,527,622
-628,485,586
-622,484,589
-612,518,594
-598,539,582
-604,550,578
-614,541,559
-669,582,567
-667,582,611
-494,491,554
-501,509,601
-589,516,656
-610,446,665
-595,418,691
-567,418,718
-554,417,730
-537,387,724
-518,342,702
-508,300,663
-543,277,627
-606,262,579
-668,257,531
-721,278,490
-789,326,467
-861,356,442
-901,398,410
-975,444,374
-1035,520,354
-1002,553,340
-949,532,328
-939,533,343
-905,553,396
-851,531,423
-803,465,412
-759,442,418
-777,446,437
-822,435,489
-843,419,512
-883,380,511
-944,328,481
-982,291,490
-904,256,491
-787,199,445
-662,191,398
-598,254,355
-639,436,374
-802,632,368
-903,691,423
-865,708,453
-767,685,388
-670,748,346
-599,833,345
-538,870,350
-464,849,355
-374,849,425
-288,853,562
-310,919,662
-426,1013,675
-380,949,658
-393,894,633
-415,727,604
-412,621,572
-420,624,563
-519,613,591
-526,584,552
-606,680,552
-675,878,639
-708,966,656
-735,838,539
-664,715,478
-548,648,422
-379,595,356
-249,565,330
-194,604,330
-184,678,336
-172,688,359
-162,661,410
-145,711,464
-113,730,469
-126,802,481
-173,839,492
-156,805,456
-137,853,433
-232,1099,459
-424,1242,478
-503,1109,488
-505,1053,532
-534,1048,495
-564,964,423
-495,794,411
-432,692,390
-383,724,345
-340,713,324
-346,691,315
-356,711,320
-374,739,318
-389,804,323
-437,885,340
-498,991,370
-492,996,389
-458,979,384
-494,954,391
-465,807,377
-406,735,421
-386,730,481
-437,744,503
-450,699,497
-474,634,511
-537,619,532
-603,612,528
-615,536,517
-593,460,513
-606,475,515
-642,483,522
-657,490,530
-657,524,542
-676,575,552
-684,556,547
-664,525,531
-648,522,519
-656,539,518
-672,542,511
-698,559,513
-699,541,500
-675,519,479
-660,504,474
-665,517,471
-706,549,480
-687,535,491
-620,542,478
-588,581,478
-594,616,489
-597,613,497
-596,640,496
-588,632,499
-590,646,501
-606,688,515
-614,745,533
-577,777,533
-548,829,542
-510,834,550
-423,913,570
-466,972,547
-422,974,496
-378,882,517
-370,772,517
-275,741,446
-129,584,430
-93,571,503
-91,653,529
-84,795,466
-44,833,474
-53,877,492
-50,871,468
-46,853,410
-45,855,431
-17,853,418
41,886,419
94,886,440
118,917,468
188,904,419
219,915,445
212,885,488
162,842,505
132,856,490
8,923,549
-193,1050,566
-277,1075,506
-392,1159,543
-472,1071,541
-509,905,489
-332,677,381
-178,691,334
-110,731,359
-38,719,393
19,677,442
57,655,457
70,652,471
68,695,480
136,673,475
181,666,464
179,687,438
80,861,411
0,1068,366
-77,1447,354
-94,1481,216
-169,1332,162
-311,1113,174
-397,999,123
-627,1042,161
-953,1056,320
-1099,840,331
-1028,659,311
-836,674,232
-693,801,240
-594,689,322
-554,507,394
-579,438,443
-612,410,498
-590,385,403
-667,428,402
-710,377,445
-858,302,372
-1147,711,615
-1215,922,683
-705,531,746
-526,511,432
-679,681,238
-989,510,173
-719,568,358
-674,650,568
-689,555,625
-578,613,677
-551,745,477
-474,744,470
-480,712,342
-492,588,258
-682,621,529
-548,648,362
-437,693,370
-683,715,589
-681,628,657
-604,616,431
-623,651,548
-775,820,779
-868,1019,969
-995,1363,1112
-983,1159,1073
-1015,908,843
-499,309,455
98,161,-254
522,864,-542
534,370,-22
222,215,235
63,395,145
-69,895,229
-319,862,455
-416,732,846
-418,855,1029
-211,646,848
-176,643,720
-153,695,900
-214,291,979
-485,700,979
-386,638,991
-128,528,883
55,364,554
178,410,262
358,635,163
558,678,19
410,423,-29
119,1056,-15
-121,828,519
-287,711,512
-734,844,599
-1131,665,556
-1154,703,546
-1140,831,599
-1137,798,536
-1152,804,474
-1134,1037,500
-1323,1207,474
-1420,1080,523
-1123,741,494
-866,537,496
-579,433,580
-232,552,499
47,288,405
259,345,102
350,416,-165
366,550,-307
198,597,-222
-87,630,201
-415,636,504
-1011,956,339
-1189,935,-59
-1099,1493,206
-604,1161,179
-521,768,305
-659,832,345
-709,1022,286
-497,534,156
-770,712,-165
-511,838,158
-492,814,238
-643,909,158
-534,969,108
-479,871,47
-571,786,155
-611,763,169
-643,874,171
-611,935,157
-536,933,132
-263,899,141
-708,897,161
-712,770,187
-540,558,284
-565,423,446
-660,619,453
-704,851,418
-663,746,497
-664,567,157
-1078,298,292
-762,361,256
-792,672,519
-862,704,698
-1017,830,520
-1069,1170,624
-1075,1109,498
-893,1175,507
-677,885,540
-607,688,743
-249,502,725
266,430,300
352,667,96
239,842,329
72,681,523
-126,424,321
-213,378,283
-406,608,557
-529,647,614
-518,605,680
-467,709,903
-266,634,827
-128,490,829
-74,433,870
50,522,790
-10,636,843
-57,541,913
0,679,742
-28,819,788
-90,699,913
-111,432,951
-50,580,791
63,747,748
226,716,686
313,617,325
332,638,234
342,748,255
318,774,96
193,663,126
-20,916,256
-74,910,88
-80,939,76
-280,1098,361
-475,1053,462
-676,1201,412
-832,1305,276
-835,1230,471
-851,1155,591
-667,845,513
-467,713,472
-378,802,570
-232,605,519
-3,623,147
116,1126,-116
106,1189,-142
80,823,121
38,937,383
-12,805,239
-23,965,183
-77,1016,236
-137,1077,307
-104,909,135
-142,979,17
-179,924,147
-206,859,136
-250,1039,117
-242,1096,209
-218,1101,162
-154,1101,59
-176,974,198
-196,927,199
-145,888,57
-159,893,60
-183,876,89
-209,889,96
-231,918,94
-241,907,139
-260,891,131
-305,966,206
-316,1012,184
-345,989,248
-319,946,210
-288,930,177
-283,955,193
-293,1041,219
-284,1096,172
-228,1051,165
-158,1064,211
-79,1033,195
55,954,96
150,999,87
178,975,70
145,969,77
217,987,-1
49,1007,72
129,787,219
170,865,193
219,917,120
214,917,111
183,885,195
163,963,202
171,1049,179
161,1007,179
179,964,188
205,946,221
114,1046,191
-10,1202,127
-51,1261,138
-147,1243,153
-200,1196,130
-196,1009,10
-36,872,-78
20,901,-50
6,928,-27
5,905,8
-24,841,41
-37,802,30
-35,757,-32
-28,753,-74
-52,920,-188
-48,1025,-276
4,1089,-395
-107,1269,-380
-246,1213,-291
-402,1140,-144
-445,1024,-10
-367,902,51
-324,996,94
-281,920,25
-278,774,-77
-380,729,56
-380,733,327
-590,694,440
-838,730,-5
-948,1089,-305
-1043,1208,-257
-771,1033,-318
-610,492,35
-349,847,199
-619,1056,-162
-880,877,141
-519,976,22
-267,1287,-427
-356,1013,-423
-582,810,-159
-465,769,-274
-384,861,-217
-368,755,-139
-309,786,-145
-964,208,-422
-1105,408,3
-780,672,-120
-790,739,-40
-593,572,24
-411,956,-267
-332,854,-397
-412,774,-254
-475,753,-195
-530,742,-239
-636,844,-402
-599,675,-399
-514,604,-344
-744,614,-256
-998,-159,-292
-973,804,-396
-802,493,-335
-379,822,-497
-729,881,-510
-980,469,-325
-1008,391,-156
-961,560,-393
-692,475,-311
-443,204,-353
-729,462,-266
-1052,494,-172
-874,550,-208
-1012,599,-297
-938,311,-182
-1011,257,-148
-921,282,-136
-801,620,-333
-822,926,-306
-964,343,-185
-926,607,-1
-996,693,-97
-959,596,-88
-859,509,-20
-961,731,-168
-1005,696,-193
-1011,558,-184
-1141,753,-218
-1010,727,-297
-820,953,-452
-909,1096,-479
-839,704,-422
-790,1445,-384
-735,574,-296
-776,568,-127
-698,560,-64
-638,508,-116
-613,529,-131
-528,514,-158
-513,502,-178
-617,583,-182
-610,565,-194
-594,648,-162
-515,698,-132
-436,716,-60
-453,795,-12
-443,771,79
-426,756,125
-386,793,180
-400,757,235
-407,688,193
-524,717,175
-583,700,236
-657,679,232
-721,727,190
-681,720,251
-649,628,332
-595,707,310
-455,870,376
-476,830,431
-583,709,392
-666,840,494
-613,587,449
-697,624,346
-827,690,276
-860,656,282
-825,672,362
-810,685,441
-773,650,465
-809,796,505
-811,798,364
-823,658,173
-824,533,135
-867,347,287
-872,460,296
-841,643,264
-758,564,271
-774,588,209
-685,526,206
-788,543,120
-806,541,93
-777,638,129
-743,641,290
-748,622,264
-745,595,196
-787,544,140
-860,612,140
-812,683,101
-792,577,136
-764,685,147
-819,758,179
-843,652,132
-811,563,78
-826,546,90
-856,519,119
-937,534,131
-986,623,212
-1102,851,238
-1260,874,312
-1321,702,273
-988,722,92
-675,749,96
-488,903,-147
-446,940,-195
-391,920,-347
-268,715,-770
-287,571,-625
-196,390,-387
-206,247,-223
-331,249,-133
-517,606,96
-678,931,243
-756,912,189
-719,853,91
-656,829,42
-641,818,54
-611,758,39
-573,747,-27
-587,750,-66
-585,788,-86
-509,783,-166
-368,777,-236
-308,785,-238
-323,783,-241
-422,774,-187
-735,784,-122
-1058,743,-126
-1167,761,-145
-1116,746,-89
-939,744,15
-699,714,28
-607,708,12
-678,687,21
-755,669,18
-792,666,-23
-789,700,-75
-801,740,-113
-799,712,-114
-742,647,-139
-723,626,-179
-695,630,-181
-691,667,-177
-699,672,-159
-714,679,-137
-711,726,-101
-731,757,-64
-762,764,-48
-799,770,-9
-814,741,19
-786,711,39
-753,716,60
-740,740,83
-754,783,109
-792,842,136
-845,870,143
-867,829,126
-852,815,116
-812,793,115
-751,799,121
-706,827,139
-674,886,119
-658,917,74
-693,922,50
-725,871,2
-766,851,-6
-743,835,-9
-688,806,6
-636,768,33
-605,776,66
-568,787,83
-503,749,101
-380,713,137
-284,740,204
-177,777,290
-81,788,339
-20,821,376
8,822,415
20,825,421
23,843,393
-14,888,321
-67,1028,281
-123,1122,269
-167,1110,306
-158,969,348
-80,822,353
-27,764,290
12,753,235
1,764,216
-29,803,244
-98,898,307
-190,991,349
-221,895,375
-216,837,389
-283,951,362
-478,1188,388
-547,1198,432
-512,1125,443
-511,1066,450
-500,966,446
-419,825,402
-281,726,344
-155,713,302
-82,749,314
-79,816,353
-106,825,368
-101,821,350
-43,833,332
13,847,348
21,858,402
-8,876,444
-44,916,443
-95,965,456
-181,1063,478
-284,1161,487
-307,1233,502
-422,1215,527
-544,1029,498
-549,796,460
-381,697,378
-230,766,338
-154,808,307
-113,754,291
-78,669,292
-97,638,315
-149,687,328
-189,727,335
-228,766,346
-278,805,339
-354,864,330
-432,906,328
-435,936,332
-432,1049,318
-548,1228,292
-719,1243,241
-772,1161,228
-655,1056,220
-459,895,179
-304,825,174
-240,841,191
-244,843,187
-274,829,194
-316,838,213
-348,872,263
-363,899,314
-339,902,353
-313,914,387
-309,968,395
-260,931,416
-168,879,403
-86,822,383
0,769,371
77,718,337
106,673,250
44,804,203
-147,978,395
-326,684,372
-489,829,324
-730,980,274
-876,1025,277
-945,756,275
-905,560,96
-887,854,241
-741,902,328
-690,464,305
-730,572,370
-687,845,338
-666,923,275
-600,950,253
-563,800,204
-566,844,201
-590,879,149
-548,756,156
-568,634,144
-609,764,91
-668,852,48
-659,897,32
-652,833,70
-644,746,122
-571,810,4
-602,909,86
-585,801,37
-596,731,110
-586,811,46
-605,1044,-70
-669,933,42
-708,945,119
-614,993,85
-487,913,98
-425,848,190
-358,758,141
-303,856,-9
-317,920,-63
-381,943,51
-402,804,71
-382,853,34
-403,925,66
-414,792,41
-381,931,-12
-386,947,79
-359,835,85
-323,888,92
-294,992,96
-316,888,182
-338,918,175
-394,931,164
-409,982,76
-394,941,43
-411,948,90
-371,888,117
-397,906,113
-393,931,131
-382,912,130
-392,886,115
-395,912,132
-372,913,171
-343,855,159
-309,910,115
-262,923,67
-264,947,111
-286,912,139
-285,947,123
-234,1002,61
-116,993,77
69,1066,117
162,1034,155
185,1014,132
147,956,180
88,857,164
28,1048,149
-52,926,240
-82,727,200
-273,800,137
-430,896,113
-568,848,-21
-605,838,-11
-511,937,-134
-451,825,-176
-488,804,-52
-498,800,41
-606,923,-14
-756,748,11
-794,1026,32
-618,763,82
-693,767,136
-758,983,162
-673,1068,109
-626,1005,-20
-686,1002,-23
-718,867,-163
-676,1158,-202
-511,1385,-152
-347,957,-61
-214,615,29
-136,622,20
-122,781,163
-80,611,158
-173,742,95
-355,824,109
-522,951,90
-629,979,185
-589,759,142
-725,796,147
-793,785,189
-749,940,113
-632,924,176
-466,967,239
-375,926,159
-354,927,199
-322,822,122
-332,744,70
-446,869,119
-504,924,165
-464,1051,101
-469,963,302
-547,1053,108
-514,912,134
-474,995,232
-429,810,175
-511,867,126
-659,1033,168
-590,946,18
-603,1065,188
-567,1105,171
-529,1023,216
-460,940,236
-393,971,185
-358,947,209
-328,902,161
-306,867,142
-269,845,137
-248,806,145
-233,804,124
-214,752,153
-203,793,140
-183,816,146
-167,837,217
-151,897,186
-134,965,203
-86,1091,253
-5,1197,191
44,1197,268
14,1242,247
47,1110,189
149,990,249
196,996,230
240,962,210
257,830,197
273,855,149
218,927,128
166,958,108
132,916,75
110,883,96
80,956,136
50,1011,142
24,1041,153
5,1054,148
1,1022,89
12,1006,84
22,997,88
21,976,37
15,1018,74
11,1045,19
2,987,-1
-3,1008,-12
-1,1032,-22
20,955,10
-7,946,39
-78,1014,202
-143,1013,307
-91,1043,433
-155,1045,410
-203,1114,344
-313,1105,390
-341,1177,403
-240,954,401
-153,855,339
-115,827,352
-38,702,304
0,684,253
36,721,283
68,744,279
78,807,278
73,816,288
76,854,291
55,1005,337
2,1199,346
0,1267,301
-8,1352,325
-50,1428,257
-114,1239,260
-73,1102,159
-48,1031,139
-61,1157,108
-103,1066,124
-90,831,150
-66,722,231
-26,708,250
25,701,237
62,680,217
68,705,193
68,776,201
80,860,211
72,931,239
100,1073,262
22,1274,308
-126,1272,326
-201,1076,363
-212,1078,356
-313,1159,315
-344,1206,235
-230,1026,216
-92,841,268
-19,819,308
-5,837,309
18,734,271
42,708,240
82,738,236
132,767,240
141,806,249
87,927,233
26,1076,252
-13,1249,227
-82,1312,232
-86,1150,216
-5,1104,187
19,1179,198
49,1105,184
61,963,214
46,879,213
-65,850,243
-98,753,268
-128,714,185
-368,834,317
-390,786,186
-506,873,288
-533,950,355
-507,911,316
-357,1004,353
-319,969,349
-367,941,339
-471,1189,266
-238,964,456
-318,990,294
-223,856,350
-266,867,340
-306,892,311
-334,882,287
-334,843,270
-328,838,328
-293,807,345
-289,944,379
-296,1071,421
-220,884,450
-254,940,372
-316,890,413
-303,849,402
-272,933,327
-306,917,342
-287,839,366
-279,839,378
-306,858,403
-308,794,389
-330,878,398
-362,900,388
-446,991,342
-515,970,239
-556,1111,187
-551,996,234
-421,1097,237
-370,947,394
-269,1063,499
-103,920,477
165,691,308
209,549,122
215,988,-17
-10,859,225
-52,555,412
-82,962,342
-155,997,126
-124,960,43
-140,831,9
-225,788,202
-352,903,272
-287,1082,162
-299,1028,108
-311,1021,299
-268,970,120
-278,979,25
-290,951,175
-323,1133,186
-231,960,55
-221,865,-106
-198,960,-212
-175,702,-328
-341,165,-192
-178,-186,-118
-119,1208,72
-752,993,457
-1018,436,470
-798,421,353
-656,881,-60
-552,1096,-572
-429,1109,-550
-321,907,-418
-672,645,-219
-1120,388,47
-1036,284,-98
-996,1149,-82
-1158,743,3
-1219,399,125
-1193,573,131
-954,594,-38
-915,544,-38
-869,421,0
-820,660,40
-860,535,167
-823,541,111
-746,414,62
-781,468,-16
-863,746,137
-882,778,174
-758,506,154
-833,538,140
-1030,502,144
-974,389,76
-903,563,122
-765,806,69
-891,387,302
-823,588,260
-863,572,227
-815,400,137
-872,522,-84
-1011,526,196
-957,406,396
-819,665,268
-907,651,385
-928,251,309
-754,589,75
-836,557,203
-915,449,201
-913,354,218
-875,349,258
-869,599,234
-848,438,262
-893,472,280
-813,404,199
-795,587,161
-898,478,254
-871,452,237
-876,447,267
-864,563,195
-860,525,249
-858,436,235
-870,536,177
-881,644,227
-927,551,265
-868,601,212
-897,544,200
-865,505,166
-898,574,107
-888,567,257
-848,253,175
-835,421,174
-738,459,122
-867,220,261
-847,516,245
-860,375,173
-973,631,238
-960,667,350
-880,575,242
-872,568,220
-924,674,278
-902,677,312
-836,689,332
-671,674,238
-559,687,208
-450,650,116
-464,605,185
-471,608,114
-473,603,14
-586,683,42
-641,549,75
-665,536,50
-721,631,76
-706,597,64
-700,600,164
-680,644,214
-652,646,135
-678,739,151
-689,780,173
-698,728,181
-756,812,137
-782,979,362
-726,758,330
-853,1115,195
-867,736,242
-666,652,142
-602,721,135
-521,768,185
-456,800,134
-478,624,217
-552,635,332
-561,664,292
-570,683,207
-673,910,172
-703,848,221
-738,750,233
-735,694,199
-857,520,183
-659,878,160
-550,539,223
-682,520,320
-750,591,233
-777,809,159
-679,722,223
-713,780,318
-721,806,240
-788,796,174
-926,783,231
-1034,806,195
-1086,1086,185
-1017,908,139
-1014,879,238
-892,899,179
-783,966,188
-695,1011,275
-608,739,214
-439,561,165
-274,670,-330
-388,811,-181
-351,553,119
-362,558,85
-412,784,-119
-418,878,23
-350,730,-2
-311,674,-2
-480,749,-36
-440,685,-229
-431,1062,-259
-251,1083,-403
-240,824,-141
-187,736,-239
-257,827,-210
-267,811,-157
-338,931,-115
-310,790,-24
-270,893,-80
-208,811,-125
-221,701,18
-295,927,140
-291,882,43
-382,887,231
-290,907,40
-334,918,177
-279,844,156
-252,988,149
-191,1056,-95
-309,1165,-43
-394,1165,-191
-445,1228,-2
-327,968,-109
-334,961,12
-338,909,23
-333,958,-60
-362,820,-40
-337,826,-46
-384,721,-2
-383,799,-66
-339,972,-199
-377,905,-177
-409,793,-95
-402,966,-173
-422,900,-43
-403,819,82
-368,727,82
-255,694,-93
-260,705,-129
-359,731,-22
-447,867,-119
-671,917,-43
-843,778,89
-882,794,62
-855,808,177
-780,753,243
-695,681,287
-728,653,320
-756,675,324
-770,680,331
-749,689,314
-702,600,275
-787,535,317
-777,558,224
-898,546,191
-940,714,183
-833,615,218
-788,617,273
-741,602,245
-794,591,262
-847,475,302
-943,485,287
-1003,631,249
-1077,626,446
-1226,628,500
-1308,735,362
-1323,743,347
-1345,918,544
-1018,1077,479
-679,937,360
-283,771,105
-36,617,119
21,595,49
-224,173,-119
-438,259,113
-541,387,145
-607,442,215
-601,880,373
-404,860,211
-236,818,-119
-289,1031,27
-304,994,128
-295,1066,182
-209,828,315
-118,767,305
-48,785,270
-87,733,356
-117,808,105
-272,739,153
-432,601,259
-579,579,129
-756,734,101
-837,660,147
-888,838,188
-799,973,195
-771,740,315
-743,683,369
-730,575,347
-875,801,412
-877,642,454
-891,675,476
-840,726,336
-911,800,394
-1041,593,571
-1054,656,419
-1025,876,386
-909,828,349
-748,740,299
-707,866,286
-721,945,238
-760,874,235
-680,855,123
-513,916,-11
-395,923,11
-243,859,38
-136,751,166
-60,644,33
-242,542,132
-479,520,301
-599,411,404
-740,514,387
-829,511,317
-840,520,462
-842,471,738
-615,375,555
-631,608,473
-626,744,589
-642,505,438
-620,751,552
-586,767,663
-533,936,712
-416,958,550
-450,681,410
-793,275,264
-955,295,316
-746,823,462
-520,920,619
-556,533,518
-763,625,544
-675,751,553
-585,812,522
-535,612,507
-520,524,515
-527,605,501
-553,616,476
-569,545,355
-606,634,382
-566,707,513
-631,714,659
-532,679,482
-554,631,430
-603,696,495
-614,732,513
-580,633,467
-581,590,461
-595,585,439
-637,603,522
-638,617,505
-628,621,488
-685,661,521
-738,753,590
-919,1118,834
-1064,1131,877
-1082,1014,736
-691,1317,450
-82,1096,402
339,750,262
476,537,370
334,489,268
145,394,148
-165,557,298
-387,580,75
-563,1018,191
-695,721,286
-478,830,-104
-507,1285,253
-112,1200,134
-69,678,313
-200,795,326
-503,1240,338
-477,1233,187
-570,879,252
-600,1279,344
-462,1341,424
-251,1236,493
-166,991,463
45,847,143
4,749,127
-5,655,210
-31,670,184
35,705,97
91,859,-47
103,1012,-59
63,912,150
20,872,187
-90,832,191
-197,980,455
-289,1084,481
-276,1193,439
-388,971,484
-390,975,489
-384,795,572
-410,840,506
-481,819,530
-640,821,593
-687,955,624
-711,757,613
-684,635,563
-619,480,490
-622,354,581
-533,667,379
-615,206,505
-646,322,464
-626,399,544
-728,216,632
-692,487,448
-711,506,556
-738,563,520
-751,365,523
-765,352,533
-789,579,420
-754,488,370
-813,416,526
-841,515,485
-802,526,389
-801,420,453
-803,390,444
-988,497,723
-1010,598,476
-984,506,464
-984,472,540
-894,424,496
-805,514,532
-647,204,685
-677,296,365
-569,623,621
-433,537,441
-510,570,482
-574,591,534
-487,555,441
-457,588,446
-428,520,477
-552,468,633
-394,416,525
-483,503,480
-548,559,436
-614,586,482
-710,647,393
-742,559,416
-781,623,453
-776,548,430
-806,470,396
-899,624,465
-847,704,423
-924,499,352
-883,510,445
-1004,582,644
-1082,578,792
-1221,669,766
-1435,997,906
-1313,574,829
-737,941,768
-172,838,599
447,689,412
760,633,449
470,388,194
304,436,11
16,531,280
-261,632,195
-372,383,-213
-399,1137,68
-275,795,93
-154,1125,-23
-22,1188,175
-28,1046,96
-4,1173,135
-54,1038,305
-174,779,338
-74,849,158
-206,895,463
-170,871,374
-345,1210,560
-186,953,273
-280,1280,213
-512,1531,328
-415,1070,408
-279,1316,263
-171,1227,336
-56,950,191
117,980,-33
125,775,1
102,598,-70
71,733,-193
64,800,-203
21,736,-180
-40,856,-25
8,1049,60
59,1145,88
88,1091,170
27,1169,271
9,1107,230
-45,1074,162
-170,908,258
-200,955,299
-285,1012,236
-293,917,275
-277,990,101
-330,1262,145
-257,1028,102
-252,884,46
-394,1001,159
-427,1032,187
-365,958,69
-297,886,48
-128,997,14
-132,1006,165
-172,976,371
-285,736,367
-253,940,332
-176,993,303
-126,953,295
-112,922,408
-96,828,313
-170,828,329
-305,659,352
-353,934,281
-406,687,285
-463,991,354
-494,874,394
-492,885,380
-491,759,372
-544,682,356
-576,742,516
-586,766,569
-541,642,582
-554,665,557
-554,603,507
-571,550,486
-573,691,516
-589,567,520
-603,630,389
-657,693,595
-622,687,492
-638,673,491
-673,676,532
-718,573,413
-666,784,443
-661,689,393
-730,629,413
-667,625,433
-736,644,428
-865,663,501
-986,511,608
-1040,522,350
-1176,651,233
-1258,391,290
-848,199,171
-672,481,286
-414,774,358
-72,782,26
-127,717,-135
-71,936,-714
-92,1256,-1066
-448,1265,-740
-495,1261,-6
-914,397,200
-809,489,73
-805,728,-89
-590,790,-300
-534,891,-140
-421,1021,-205
-382,803,-201
-402,740,-291
-538,752,-136
-537,910,-15
-577,809,-119
-659,871,-178
-746,966,-223
-531,978,-293
-482,817,-259
-598,782,-137
-704,721,16
-650,709,-111
-678,689,-13
-569,861,-100
-560,950,-142
-511,805,-99
-552,845,-96
-506,833,-130
-457,899,-226
-467,807,-206
-451,758,-199
-487,842,-189
-491,856,-212
-476,879,-226
-454,890,-154
-422,885,-211
-460,932,-196
-503,895,-115
-490,895,-110
-527,966,-162
-608,913,-210
-734,746,-116
-835,581,68
-842,274,30
-859,534,-21
-904,727,159
-864,382,302
-876,379,257
-837,519,13
-774,835,-201
-752,1012,-216
-700,959,-356
-662,878,-469
-615,882,-382
-469,778,-438
-459,782,-308
-558,743,-227
-752,651,-216
-1007,671,-108
-1182,567,-138
-1182,724,-47
-1308,662,162
-1216,569,522
-955,469,317
-712,776,55
-717,841,-24
-722,744,-117
-717,667,-163
-708,525,-191
-729,542,-220
-731,816,-201
-833,538,-127
-754,406,-131
-739,637,-164
-760,711,-83
-761,742,-99
-731,686,-152
-766,643,-106
-788,661,-127
-720,671,-111
-714,653,-143
-588,456,-120
-840,610,-171
-871,499,-56
-786,560,25
-747,736,25
-591,706,-115
-629,787,-153
-636,708,-131
-545,866,-247
-567,822,-284
-644,730,-153
-583,776,-186
-577,867,-207
-628,756,-156
-715,754,-140
-831,690,-120
-866,588,-18
-944,662,22
-1002,606,72
-1042,678,238
-1010,703,354
-953,615,346
-884,559,249
-876,586,121
-903,562,-25
-840,478,-155
-856,508,-189
-775,528,-293
-686,528,-370
-613,570,-374
-584,568,-411
-651,601,-337
-707,656,-222
-775,601,-90
-862,504,-14
-951,518,68
-1032,477,76
-1067,432,296
-1025,330,348
-952,443,196
-1217,491,245
-1286,428,226
-1342,444,78
-1275,446,133
-1079,572,266
-1222,583,161
-1354,340,133
-1364,329,300
-1191,436,272
-1028,579,102
-885,629,-69
-841,535,72
-1024,361,234
-1025,446,148
-900,551,9
-829,670,16
-844,657,23
-780,497,84
-685,355,114
-649,503,135
-593,727,-4
-591,560,33
-653,539,40
-748,493,6
-715,555,-91
-685,447,-31
-808,318,49
-738,243,195
-628,370,215
-720,539,72
-833,650,122
-841,807,125
-723,314,295
-666,476,177
-609,599,121
-586,1045,-97
-616,954,-144
-673,872,-55
-698,464,124
-787,314,85
-1125,282,104
-648,650,46
-594,827,136
-629,763,26
-618,856,-86
-1098,138,204
-687,812,-30
-849,542,-134
-688,608,74
-1101,634,70
-643,358,171
-650,619,154
-585,632,-731
-568,790,-214
-806,820,113
-818,1115,83
-667,921,-42
-627,948,-120
-701,983,-153
-755,675,-107
-799,518,-213
-745,623,-248
-716,547,-236
-739,631,-201
-796,564,-190
-620,607,-291
-514,744,-393
-498,903,-358
-508,891,-199
-581,786,-124
-516,812,82
-533,795,176
-602,839,107
-741,755,87
-1013,709,129
-1226,652,163
-1341,407,212
-1221,125,267
-1026,65,310
-788,96,301
-637,245,297
-610,398,318
-637,486,287
-669,483,197
-776,467,169
-877,456,168
-907,404,169
-918,398,188
-846,398,168
-814,426,165
-804,475,202
-789,454,229
-809,458,266
-841,504,297
-906,549,318
-909,612,341
-954,681,294
-965,715,237
-865,729,115
-815,761,76
-842,816,66
-960,895,107
-934,832,86
-842,678,75
-735,561,96
-684,576,122
-689,630,151
-666,624,144
-638,600,142
-584,563,149
-517,535,149
-464,553,147
-443,623,148
-434,701,148
-507,758,218
-614,850,310
-741,916,349
-764,931,401
-710,820,479
-844,666,470
-961,543,477
-976,488,427
-935,479,365
-912,531,361
-872,540,338
-813,529,298
-719,509,281
-662,562,284
-592,680,303
-418,785,365
-222,872,459
-57,924,497
39,965,454
35,952,554
43,901,575
10,798,589
-45,774,547
-146,630,468
-268,550,442
-486,602,439
-845,670,371
-1131,697,362
-1148,768,297
-793,777,261
-673,910,290
-617,949,385
-588,866,579
-458,794,679
-339,813,655
-288,754,444
-307,855,329
-462,837,394
-517,808,479
-537,802,496
-556,786,499
-548,785,489
-516,753,504
-513,686,562
-543,729,554
-581,782,557
-612,616,568
-685,630,573
-597,796,378
-473,591,461
-407,659,594
-344,679,708
-333,564,632
-331,709,552
-345,786,537
-297,788,519
-236,891,482
-229,1038,340
-300,988,385
-430,735,384
-654,734,349
-1002,758,283
-853,807,186
-563,808,44
-654,705,135
-584,565,559
-441,575,652
-407,686,590
-385,907,470
-294,1110,348
-395,939,546
-441,811,673
-321,904,448
-268,881,410
-275,557,373
-320,767,366
-514,775,551
-447,579,638
-465,766,612
-284,809,484
-307,879,509
-359,819,636
-319,680,539
-373,546,576
-454,601,728
-412,576,639
-461,670,741
-470,578,711
-489,496,779
-355,642,629
-430,589,721
-396,612,733
-406,543,723
-384,506,704
-437,573,712
-403,557,629
-360,664,752
-356,739,743
-346,677,698
-344,561,694
-340,510,723
-295,702,646
-264,604,439
-401,522,717
-367,376,654
-382,687,631
-434,537,855
-432,490,952
-425,601,794
-497,469,746
-506,389,711
-480,428,732
-503,567,878
-495,567,815
-432,550,647
-495,614,602
-696,495,629
-814,365,593
-907,450,573
-895,499,589
-738,515,554
-617,601,563
-459,679,678
-373,758,747
-452,765,831
-475,636,705
-191,597,542
14,496,448
-147,490,462
-581,1168,441
-589,1139,474
-551,741,502
-617,538,656
-709,591,587
-729,523,572
-630,493,547
-525,393,520
-322,423,126
-400,614,-72
-677,904,57
-854,1301,189
-881,999,212
-787,708,352
-671,661,325
-695,792,321
-729,745,258
-700,630,171
-726,593,271
-592,735,284
-537,694,383
-499,748,146
-586,749,238
-618,695,210
-776,683,204
-947,732,238
-981,954,156
-853,1044,110
-693,1154,117
-607,1226,42
-690,1192,-55
-683,917,-89
-690,736,-131
-643,732,-168
-546,750,-243
-447,775,-260
-371,756,-246
-287,766,-197
-184,732,-165
-199,762,-128
-269,838,-153
-288,847,-104
-292,853,-65
-373,887,-142
-445,943,-142
-433,907,-176
-420,862,-166
-471,956,-146
-535,968,-118
-540,950,-182
-518,994,-239
-547,1059,-271
-542,1029,-270
-448,951,-250
-415,991,-221
-341,929,-177
-304,912,-176
-270,906,-197
-209,864,-210
-156,842,-224
-152,841,-222
-165,878,-213
-154,864,-158
-107,834,-158
-165,946,-223
-261,1087,-301
-248,1003,-294
-278,1028,-361
-422,1173,-396
-500,1120,-393
-468,987,-317
-378,851,-265
-312,786,-253
-305,749,-227
-282,706,-179
-256,720,-211
-248,855,-242
-255,910,-232
-289,919,-199
-349,979,-197
-401,1074,-207
-545,1174,-227
-551,1096,-214
-492,968,-140
-650,981,-132
-798,990,-152
-623,891,-144
-465,802,-129
-347,809,-133
-286,800,-135
-253,784,-151
-260,779,-176
-297,744,-190
-239,755,-226
-193,745,-248
-166,774,-286
-241,840,-302
-311,945,-309
-444,1014,-333
-480,1123,-410
-454,1116,-386
-442,1011,-327
-518,1060,-328
-650,1099,-355
-638,991,-372
-558,858,-348
-459,770,-314
-398,723,-311
-433,704,-289
-461,714,-293
-457,760,-287
-432,780,-278
-436,870,-258
-369,924,-225
-307,961,-236
-262,968,-270
-228,969,-286
-271,981,-260
-324,948,-207
-360,934,-195
-390,925,-193
-400,899,-174
-379,868,-147
-365,873,-138
-363,899,-147
-343,912,-152
-320,899,-144
-306,926,-153
-300,970,-142
-291,975,-112
-352,961,-69
-364,915,-83
-377,871,-88
-384,825,-85
-408,822,-67
-419,846,-30
-423,871,-11
-444,920,-17
-423,916,-27
-373,889,-27
-364,888,-32
-342,893,-44
-334,889,-47
-347,883,-56
-358,854,-56
-360,864,-71
-393,907,-98
-413,927,-118
-429,924,-99
-436,941,-109
-448,967,-132
-430,920,-123
-404,899,-89
-379,923,-55
-370,963,-60
-352,1019,-87
-358,1045,-63
-298,981,-21
-271,947,-52
-265,952,-97
-207,933,-173
-235,1020,-235
-281,1126,-327
-359,1101,-345
-396,1099,-303
-431,1079,-280
-404,907,-324
-349,875,-290
-284,794,-246
-183,767,-206
-93,756,-196
-53,733,-141
-55,794,-159
-68,935,-147
-76,990,-135
-68,969,-122
-76,1027,-162
-113,1094,-203
-142,1203,-235
-183,1328,-295
-247,1272,-261
-168,1026,-135
-279,992,-62
-365,1124,-194
-333,1043,-223
-224,883,-195
-143,816,-103
-112,865,-86
-31,831,-115
11,731,-130
-12,724,-82
-36,740,-81
-40,841,-123
-17,797,-176
-105,825,-229
-202,899,-245
-235,882,-262
-332,1040,-188
-241,962,-285
-297,1003,-373
-550,1168,-391
-693,1246,-414
-659,1199,-395
-572,1008,-321
-503,826,-177
-496,731,-187
-515,744,-121
-516,733,-133
-566,636,-83
-616,626,-88
-750,635,-126
-677,686,-135
-687,777,-72
-672,798,-64
-665,895,-164
-628,892,-156
-638,964,-134
-702,999,-109
-625,856,-87
-558,714,-67
-535,744,-62
-530,786,-134
-519,734,-130
-510,711,-153
-523,654,-124
-530,654,-128
-513,543,5
-512,460,63
-370,453,54
-291,701,-72
-265,859,-480
-360,769,-484
-510,703,-76
-622,503,125
-778,542,-57
-803,807,32
-925,1130,155
-981,791,51
-1048,606,243
-981,565,255
-956,586,463
-967,412,448
-1041,414,512
-1057,602,315
-1186,799,405
-1111,478,452
-891,658,479
-665,1004,359
-668,521,147
-770,498,153
-726,637,281
-710,481,286
-672,595,314
-715,512,186
-827,531,102
-908,535,219
-814,566,346
-848,586,337
-872,540,242
-854,622,222
-796,604,240
-821,516,204
-914,482,210
-953,481,212
-1033,360,168
-1038,646,-21
-876,822,19
-656,734,273
-480,600,321
-381,625,153
-561,496,109
-812,615,45
-962,787,-131
-871,716,157
-552,269,149
-881,758,259
-741,568,228
-774,522,90
-817,622,174
-780,587,181
-712,504,85
-815,580,158
-855,591,134
-724,599,124
-652,586,120
-411,502,245
-661,812,65
-1058,916,12
-996,408,199
-934,499,209
-686,815,108
-678,747,127
-797,572,81
-725,724,54
-713,765,105
-715,666,114
-770,635,28
-738,739,67
-716,713,130
-714,683,135
-567,672,132
-717,655,128
-976,679,131
-648,744,48
-768,642,84
-853,549,133
-718,779,125
-765,647,66
-793,484,-42
-920,460,126
-796,627,145
-862,500,128
-832,381,146
-768,613,107
-852,641,271
-719,585,227
-699,471,94
-729,628,72
-809,517,128
-822,548,94
-859,637,1
-834,745,63
-785,643,132
-765,647,157
-749,591,204
-777,587,276
-758,562,219
-805,542,225
-751,636,226
-709,830,230
-588,838,247
-482,838,289
-656,710,367
-824,644,384
-817,508,134
-833,565,146
-636,593,264
-646,541,367
-762,484,254
-867,369,288
-897,275,392
-783,501,534
-704,515,623
-764,577,357
-875,608,361
-833,624,578
-650,658,614
-745,550,454
-782,366,310
-870,491,666
-551,586,401
-574,532,306
-681,426,278
-890,456,261
-1177,153,154
-866,397,209
-971,450,703
-1252,592,959
-1125,543,682
-1047,607,705
-1090,694,469
-1165,551,371
-1037,380,382
-981,415,349
-971,537,297
-839,583,247
-716,618,227
-680,580,255
-602,556,298
-568,556,335
-566,544,304
-509,529,299
-446,524,361
-430,473,349
-405,554,303
-341,644,287
-351,691,340
-423,743,375
-489,752,370
-498,730,365
-519,704,388
-582,625,375
-616,545,393
-691,475,409
-833,415,305
-952,281,115
-1089,440,433
-1088,303,408
-1030,335,313
-960,360,390
-828,386,271
-817,421,353
-826,405,434
-723,440,346
-695,498,375
-671,550,440
-656,595,446
-653,598,362
-679,642,299
-706,608,296
-683,543,342
-732,484,363
-776,432,341
-845,390,276
-1074,419,257
-1271,500,300
-1253,445,355
-1028,325,336
-822,296,273
-731,419,207
-791,661,142
-859,885,93
-854,889,89
-847,830,96
-829,867,89
-741,905,49
-645,901,43
-566,859,58
-497,798,105
-443,773,202
-412,773,269
-322,754,302
-243,840,419
-191,825,502
-200,804,510
-211,797,492
-238,744,547
-379,722,533
-442,765,525
-604,844,545
-732,893,566
-887,905,638
-1144,767,662
-1008,494,565
-789,364,498
-551,391,462
-358,487,434
-256,605,446
-216,671,415
-235,608,443
-242,595,497
-264,666,487
-292,799,489
-313,824,523
-327,808,534
-356,803,580
-374,810,616
-407,892,599
-479,1074,619
-570,1046,544
-663,1016,491
-741,1116,530
-815,1119,485
-755,889,451
-578,654,350
-460,596,295
-481,645,295
-579,626,300
-664,588,287
-595,534,281
-462,465,315
-410,538,368
-343,529,467
-236,538,471
-186,651,429
-233,854,602
-360,1124,707
-345,1161,574
-357,1082,622
-584,1159,658
-756,1102,590
-658,896,566
-443,706,516
-299,654,395
-220,680,365
-190,587,385
-182,601,354
-156,710,400
-113,681,430
-85,712,502
-109,752,636
-118,909,773
-134,1085,883
-90,1265,930
123,1313,841
280,1382,700
226,1445,512
52,1077,512
32,743,683
65,574,572
-123,806,565
-177,697,673
72,487,439
211,493,401
100,379,464
0,287,288
-155,439,315
-287,684,210
-137,1012,-311
-628,1796,822
-156,1037,1320
667,566,1041
399,677,731
-80,947,552
126,755,571
668,865,543
386,669,538
319,661,592
288,726,633
285,703,628
298,674,661
272,680,690
180,631,682
292,691,766
319,604,744
259,717,839
282,683,877
381,589,856
528,345,585
498,464,730
493,466,742
472,284,760
437,221,715
432,337,718
473,423,882
491,468,792
474,325,677
402,242,664
385,376,638
440,425,615
515,526,306
380,759,904
439,806,1150
507,444,1120
330,680,1070
327,438,1054
239,603,863
196,595,896
236,397,871
257,364,827
339,510,791
279,350,796
193,183,816
201,351,787
325,414,827
300,325,849
178,301,1001
204,386,1109
64,18,914
-63,287,911
-52,228,934
27,280,977
-12,208,936
-104,211,1051
35,137,943
39,266,843
-130,357,949
48,193,1066
31,137,1062
-3,195,923
35,157,1090
-170,48,948
122,119,891
-121,234,1163
-158,-118,1174
-81,143,578
-113,179,940
-145,-116,1025
-63,-125,660
-71,110,1025
164,-101,133
200,590,593
278,520,620
468,841,754
209,963,858
-146,1074,1342
-734,1028,1336
52,663,867
381,1052,686
-86,1012,344
148,866,270
144,946,237
97,899,445
114,827,441
103,951,413
77,853,411
153,879,340
141,974,370
37,867,350
-29,1003,364
63,897,40
1,449,51
-37,458,162
-193,992,178
-289,390,-69
-361,993,355
-513,835,175
-510,712,61
-610,918,190
-790,1178,258
-775,1535,-150
-1119,1417,-583
-1628,901,-624
-1787,555,-382
-1758,320,-31
-1605,163,276
-1430,279,435
-1324,438,477
-1108,197,331
-902,409,350
-641,366,221
-485,470,194
-423,506,219
-404,548,334
-443,670,293
-476,840,291
-433,855,308
-522,810,537
-494,974,565
-368,978,464
-337,982,416
-351,865,648
-422,644,725
-386,771,476
-278,689,492
-231,473,606
-156,470,526
-158,574,430
-186,664,440
-216,645,488
-277,660,560
-310,796,516
-353,871,556
-370,877,570
-389,981,602
-549,1165,609
-752,1273,630
-670,1033,567
-539,888,527
-618,976,588
-671,928,527
-610,781,481
-415,601,519
-271,484,437
-158,463,352
-130,462,339
-104,550,378
-114,553,400
-158,633,431
-248,770,533
-428,825,688
-414,909,642
-385,1005,708
-339,1015,716
-400,1082,735
-481,957,727
-476,815,695
-419,677,616
-252,564,548
-143,492,556
-62,443,447
-7,440,366
-12,543,358
-14,570,383
-30,618,412
-69,726,482
-99,788,571
-211,912,665
-432,1041,742
-363,1044,724
-233,1138,711
-267,1188,706
-302,1190,707
-281,1117,654
-322,1008,618
-320,887,588
-221,684,533
-105,555,440
-41,457,378
-39,488,351
-47,502,324
-81,610,337
-105,692,367
-125,755,408
-222,833,492
-255,901,602
-350,1024,679
-360,1088,747
-392,1092,844
-576,1025,900
-679,882,859
-470,599,764
-233,396,566
-116,353,468
-86,354,419
-90,421,361
-98,488,336
-123,592,368
-154,696,442
-174,746,524
-148,768,571
-287,785,614
-477,637,629
-654,815,613
-759,1196,565
-810,1405,549
-790,1250,489
-720,1130,481
-744,1006,567
-682,777,584
-537,523,503
-380,358,406
-324,351,347
-374,438,314
-396,490,255
-421,526,216
-455,519,214
-524,553,258
-590,592,293
-629,717,354
-801,904,490
-935,976,677
-999,686,658
-1116,937,640
-1190,766,871
-940,423,938
-585,510,879
-339,646,972
-209,637,940
-110,619,787
-63,570,716
-43,510,650
-17,480,610
-17,430,452
-54,460,377
-153,463,358
-412,550,359
-1123,716,431
-1145,851,498
-821,604,569
-654,352,673
-532,334,803
-525,335,831
-490,333,722
-577,373,662
-689,75,525
-686,263,37
-1080,1299,992
-609,-456,767
-532,473,1353
-745,752,1277
-624,355,1027
-779,485,1045
-859,265,1132
-837,269,1119
-1002,-207,1139
-800,-35,-472
-769,1673,-564
-418,1804,-70
-281,1457,-160
-226,1067,57
161,730,-1
413,492,-66
349,579,-165
138,700,-192
-128,646,48
-118,737,111
-127,718,-3
-220,823,118
-275,1065,31
-353,1118,-84
-543,1225,-10
-639,1067,165
-631,991,190
-600,842,87
-871,831,787
-599,454,545
-370,850,255
-201,970,328
-66,940,55
-149,1191,-103
-147,1349,-250
-187,1270,-371
-375,1340,-173
-448,1515,-463
-518,1555,-473
-433,1116,-372
-262,926,-434
-168,920,-486
-178,911,-467
-210,787,-371
-217,687,-212
-190,594,-182
-175,559,-72
-162,630,-94
-158,636,-83
-154,726,-93
-127,860,-166
-128,934,-169
-182,1072,-199
-280,1212,-145
-449,1250,-110
-540,1335,-123
-667,1352,-27
-741,1226,-52
-867,1026,-43
-840,779,-90
-648,721,-89
-398,729,-76
-202,696,-130
-82,727,-95
-42,697,10
-42,673,122
-108,669,146
-162,719,153
-199,849,214
-298,913,179
-418,1053,111
-523,1188,73
-561,1156,113
-562,1141,56
-611,1355,-81
-622,1237,-120
-608,1111,-10
-501,950,57
-470,984,151
-556,1053,218
-691,925,301
-819,949,406
-827,745,366
-716,566,376
-592,450,337
-472,541,300
-410,436,367
-412,291,425
-470,286,528
-614,368,564
-602,407,521
-479,442,642
-689,569,655
-730,640,645
-692,520,653
-637,619,473
-851,947,356
-1036,733,573
-961,469,504
-1011,409,518
-1192,384,772
-926,530,281
-929,856,-148
-802,890,28
-672,421,553
-397,446,687
-312,563,829
-438,742,874
-409,701,585
-554,727,521
-996,621,622
-1107,621,357
-1154,476,194
-1113,514,385
-994,381,806
-768,330,885
-430,181,860
-190,602,1402
4,753,1258
133,857,876
16,1041,402
-170,1186,25
-703,1211,-253
-1176,1126,-524
-1220,877,-358
-874,920,-197
-931,969,20
-930,559,345
-746,458,631
-667,373,906
-486,430,990
-365,395,930
-230,643,594
-207,832,490
-177,539,272
-167,988,142
-345,1247,351
-371,1120,530
-225,1095,416
-225,1068,474
-277,799,552
-463,770,703
-418,817,618
-442,643,597
-450,681,540
-539,679,624
-501,552,640
-433,601,563
-411,669,569
-479,657,651
-503,654,658
-534,669,600
-489,630,549
-560,741,574
-560,727,576
-572,706,546
-468,736,515
-395,765,544
-369,748,552
-413,741,545
-529,802,387
-606,933,203
-726,850,152
-660,658,224
-733,817,433
-781,325,651
-759,109,892
-662,489,828
-552,377,652
-199,413,905
-255,508,1074
-266,212,1078
-444,359,940
-511,359,778
-532,537,634
-475,628,581
-443,777,534
-283,1004,327
-192,1391,362
-465,926,602
-464,416,371
-546,890,162
-633,1020,228
-719,663,453
-838,413,643
-851,360,758
-831,303,757
-721,256,521
-781,374,551
-893,684,640
-832,573,438
-855,441,502
-926,631,659
-864,283,597
-920,302,702
-766,329,697
-715,313,794
-635,315,891
-451,337,992
-254,642,1159
-375,925,990
-536,593,773
-769,524,656
-825,355,664
-892,359,537
-895,298,409
-954,401,306
-1198,549,146
-1080,572,-225
-956,604,-254
-987,923,-32
-847,1077,40
-562,1115,-8
-609,1292,498
-740,804,383
-823,383,295
-911,458,283
-1113,181,511
-1246,43,869
-1089,-357,1066
-862,-179,1310
-584,398,1377
-350,566,1044
-208,335,830
-296,722,745
-334,989,554
-442,1047,463
-520,1012,378
-551,947,275
-552,844,16
-633,742,-22
-918,742,210
-903,826,309
-791,764,190
-784,597,204
-808,635,369
-849,508,409
-845,551,345
-780,555,277
-720,564,425
-656,511,518
-669,645,561
-734,562,472
-801,529,483
-822,734,530
-895,996,648
-801,1219,683
-567,1101,605
-113,708,335
99,-534,-311
-121,886,-786
-111,1809,-521
-479,1012,-414
-530,949,-481
-564,1001,-478
-636,1021,-562
-693,958,-534
-643,753,-311
-519,677,-195
-430,663,-195
-362,609,-103
-278,600,-66
-209,649,-129
-168,637,-157
-162,694,-107
-157,793,-143
-167,821,-168
-189,847,-140
-221,894,-97
-241,916,-76
-300,994,-104
-366,1080,-94
-403,1116,-150
-410,1269,-314
-608,1410,-434
-619,1188,-257
-457,926,-99
-435,881,-173
-447,964,-301
-481,953,-300
-402,805,-198
-325,717,-86
-243,724,-95
-177,669,-96
-150,652,-97
-153,782,-168
-170,744,-148
-219,756,-92
-238,868,-205
-299,958,-208
-377,1040,-238
-459,1111,-222
-537,1257,-257
-514,1241,-311
-430,1120,-262
-528,1008,-133
-697,985,-146
-674,844,-176
-487,764,-105
-353,708,15
-243,645,-69
-163,743,-189
-173,735,-199
-184,714,-167
-196,732,-108
-214,796,-85
-226,854,-65
-266,934,-52
-413,933,-40
-581,1025,19
-511,1083,-101
-388,1176,-243
-378,1372,-368
-381,1406,-382
-398,1179,-372
-453,1116,-349
-534,1184,-327
-566,1134,-242
-470,930,-146
-384,806,-179
-394,848,-120
-421,921,155
-361,724,312
-287,547,317
-330,498,448
-374,565,503
-406,658,553
-428,676,552
-328,626,577
-197,733,643
-172,833,707
-278,762,612
-248,809,453
-229,754,446
-238,652,448
-320,587,523
-391,549,510
-523,576,475
-554,553,409
-684,581,437
-796,669,542
-738,623,684
-398,303,-19
-1224,939,1526
-427,-108,927
-508,562,708
-518,736,611
-537,665,763
-660,583,879
-637,521,720
-571,598,457
-588,652,385
-687,859,553
-736,670,531
-634,439,449
-539,507,504
-573,537,492
-505,550,465
-461,590,325
-523,657,325
-576,673,380
-591,830,447
-484,606,334
-602,313,106
-834,499,-89
-1049,543,-83
-1374,513,-92
-1638,812,-181
-1374,963,-219
-946,847,-161
-856,741,4
-892,613,20
-868,634,55
-923,701,73
-1233,661,196
-1129,611,306
-990,612,332
-1027,626,335
-872,618,309
-667,604,320
-506,600,331
-419,629,325
-395,670,298
-473,727,342
-557,770,387
