300,665,682
300,666,685
296,666,687
299,662,689
292,661,689
293,668,686
297,669,689
295,662,693
286,664,686
285,666,691
294,661,700
295,664,700
282,655,705
263,644,709
259,644,704
282,670,711
329,638,794
465,717,920
524,924,834
433,684,1117
517,567,663
529,515,413
402,396,397
375,477,433
318,595,515
168,735,472
150,781,445
72,846,454
-20,937,500
-15,900,473
7,855,523
46,788,466
12,851,470
3,1003,567
54,848,609
124,826,549
184,924,479
206,890,385
140,914,406
107,831,436
119,831,452
111,882,464
101,866,493
134,871,435
161,890,400
182,867,393
166,900,399
205,915,358
226,953,282
244,969,319
218,925,279
186,955,259
187,1002,212
155,1031,205
214,1026,230
233,1024,218
238,1065,239
256,1072,241
267,1048,277
279,1038,300
291,973,250
271,913,228
258,864,248
241,815,238
244,784,202
266,809,204
287,825,191
318,827,179
375,851,149
389,856,177
446,828,181
485,834,181
504,855,181
507,856,171
543,863,151
510,824,159
498,830,125
461,831,97
480,861,143
485,871,133
434,906,315
471,867,389
484,1005,264
498,1080,247
482,998,292
510,977,373
537,890,184
501,850,362
551,789,414
606,606,297
652,764,251
682,692,402
636,710,482
589,684,417
558,706,425
444,762,448
352,651,413
304,591,366
255,754,494
225,691,709
314,611,742
440,756,734
475,612,627
527,701,621
569,635,546
576,650,550
597,595,456
746,593,496
560,622,534
603,724,490
563,706,619
444,637,684
328,585,591
264,700,609
363,753,625
335,641,632
421,651,478
573,694,258
661,448,180
535,457,301
390,627,569
365,705,862
222,641,1003
161,634,915
242,811,966
113,784,983
54,564,1008
-91,490,899
-273,680,1008
-287,520,1146
-257,354,1057
-171,358,883
-11,324,802
155,278,673
136,277,565
-81,501,616
-107,530,653
-124,555,700
-369,490,748
-595,526,738
-624,673,834
-572,552,964
-478,299,813
-521,394,798
-537,429,750
-537,417,704
-510,405,826
-541,341,754
-429,333,663
-442,375,742
-530,426,839
-549,423,835
-519,491,762
-627,283,766
-636,381,751
-647,460,765
-661,436,595
-712,484,708
-722,485,810
-700,427,864
-593,348,779
-536,381,734
-483,519,822
-476,538,891
-451,528,841
-427,574,871
-353,571,821
-261,574,791
-149,549,652
-84,669,767
-29,595,571
-73,612,648
-56,631,685
-83,716,567
-63,770,589
-59,699,567
23,813,443
68,957,430
-100,996,518
65,993,368
-10,972,497
38,992,431
86,936,385
86,935,404
57,862,326
-8,882,306
-11,897,388
-21,877,371
-50,918,304
-23,987,303
-34,961,339
-7,875,288
58,886,266
128,878,240
162,915,239
160,992,251
175,893,199
187,995,231
179,1063,296
228,1024,251
213,964,277
185,939,300
156,974,319
102,962,381
17,953,348
-29,897,314
-58,844,398
-87,941,405
-38,908,382
-62,950,461
58,938,388
48,952,383
76,917,293
94,843,387
141,775,386
193,793,351
234,802,342
226,833,430
253,865,316
247,866,423
274,897,364
292,970,369
294,893,377
310,918,373
306,1002,301
308,1003,186
282,1080,200
260,1128,150
109,1087,273
126,1008,169
174,1026,70
167,1074,-52
94,1125,37
52,1045,144
72,908,95
121,892,101
120,802,163
150,879,92
200,956,105
171,835,196
168,857,144
189,988,117
126,966,127
131,978,162
140,1098,62
63,1148,62
-33,1130,156
-26,1105,222
-29,1039,145
-60,1022,108
-45,1000,151
42,979,47
18,924,132
17,916,135
61,887,62
96,914,137
111,923,160
134,943,178
119,905,178
58,935,242
64,1031,184
44,1018,163
56,991,168
71,960,144
75,951,172
150,915,158
162,915,105
127,1021,41
99,1109,38
87,1092,21
49,1034,21
59,1062,-53
-6,1066,-14
-33,1121,3
-61,1105,6
-29,1022,24
-49,992,84
-14,980,77
-18,987,78
-8,995,78
-11,980,80
-17,975,39
-51,1002,61
-36,1034,34
-47,1050,60
-25,1031,47
-25,937,44
-27,1003,62
0,1007,42
25,911,49
18,915,66
27,944,40
-15,946,122
2,988,125
11,1017,103
-22,1078,131
-3,1056,143
-9,1066,137
-44,1025,154
-14,1014,127
-71,989,212
-90,919,180
-102,939,156
-135,932,194
-128,954,118
-111,996,92
-134,1020,95
-130,1036,65
-119,1035,61
-94,1006,100
-46,994,98
-23,1008,109
-42,1003,128
-45,1009,85
-48,1004,90
-55,965,73
-65,960,112
-75,955,104
-94,950,127
-106,959,96
-93,969,100
-110,971,115
-137,1000,101
-115,1019,90
-105,1018,107
-78,993,106
-73,1027,82
-75,1006,71
-72,986,80
-64,1007,58
-91,1025,70
-80,1011,77
-68,1031,90
-135,938,215
-138,914,215
-154,912,211
-183,916,218
-212,986,192
-227,1028,187
-219,984,208
-212,998,206
-214,1012,201
-166,1026,149
-162,965,203
-131,956,198
-93,961,168
-91,968,176
-99,971,189
-93,953,190
-76,929,190
-90,954,215
-83,953,162
-77,974,154
-34,960,160
3,1023,114
8,1032,137
35,1033,109
42,1093,65
3,1073,68
-13,1024,-26
128,992,-76
26,1041,-91
-53,1016,-80
46,997,-128
49,942,-102
27,916,-100
36,1028,-182
32,981,-131
101,985,-133
123,874,-74
147,1060,-105
169,1069,-144
183,955,-76
183,884,-76
228,922,-140
190,950,-129
160,927,-136
148,993,-157
105,998,-202
72,1018,-212
12,1004,-124
-47,958,-59
-146,989,30
-211,1078,44
-218,1081,45
-174,1108,-16
-205,1037,135
-209,988,67
-216,972,80
-259,1031,83
-235,1049,49
-220,1062,70
-182,1049,86
-182,1048,110
-180,1037,101
-181,1015,83
-179,1007,91
-163,1008,100
-154,1023,132
-139,1019,121
-129,1028,179
-72,973,217
-48,900,218
-2,961,182
-62,941,200
-74,906,179
8,1014,131
22,922,108
-29,873,254
-17,844,205
12,927,222
72,1016,219
70,997,240
104,839,135
71,862,68
20,1088,49
36,1214,49
85,1214,45
155,1154,68
158,1130,-34
111,1084,-58
135,953,0
137,869,95
133,809,182
107,800,210
107,825,169
133,1017,-15
170,1117,-78
208,1054,-144
223,914,3
210,911,161
235,916,131
228,916,154
208,1027,132
144,1181,95
21,1217,219
-91,1179,267
-139,1128,260
-140,1103,231
-220,1011,243
-269,979,172
-255,1019,72
-121,1015,103
-24,871,112
18,785,180
74,822,124
70,864,74
84,711,-19
52,752,-46
-5,721,6
-48,734,1
-123,1088,-121
-201,1163,-57
-274,1124,-50
-360,1174,-103
-419,1149,-190
-483,1153,-102
-446,1092,-142
-440,1006,-174
-467,962,-127
-460,964,-122
-399,1000,-140
-431,954,-114
-417,966,-130
-404,975,-100
-405,944,-50
-389,949,-45
-348,955,-4
-332,950,8
-267,942,-10
-263,977,35
-250,991,5
-288,1001,45
-249,978,66
-273,1007,81
-293,925,148
-213,863,113
-184,837,144
-144,814,116
-105,917,135
-155,989,152
-165,1003,187
-180,989,199
-281,995,186
-326,930,179
-322,901,181
-329,926,188
-356,886,195
-390,908,215
-382,909,202
-386,913,204
-440,930,209
-441,907,247
-389,843,281
-374,823,279
-372,809,263
-360,810,221
-358,787,208
-384,790,217
-432,809,216
-462,770,250
-496,786,241
-562,826,226
-577,817,235
-560,892,186
-575,936,141
-584,913,152
-507,887,172
-468,835,199
-476,843,195
-490,835,134
-504,805,134
-492,760,114
-495,791,153
-457,759,126
-473,726,162
-491,699,168
-515,645,185
-590,661,223
-657,676,217
-696,670,262
-678,743,287
-666,765,325
-647,821,344
-622,794,359
-580,719,351
-592,757,273
-659,786,244
-716,851,260
-758,921,267
-805,935,332
-809,1020,355
-845,1021,376
-829,1004,369
-756,951,342
-722,865,333
-708,752,305
-709,614,284
-702,629,223
-670,672,208
-603,509,255
-456,444,220
-393,589,177
-420,672,208
-425,685,212
-448,772,244
-375,785,262
-308,710,356
-343,754,284
-358,594,315
-473,775,273
-614,913,172
-664,903,133
-668,1036,89
-661,960,76
-699,789,53
-702,653,73
-752,650,118
-714,735,44
-720,785,52
-710,782,19
-703,830,47
-666,867,74
-637,832,100
-596,809,105
-608,839,121
-633,827,135
-584,784,105
-587,795,105
-587,771,68
-594,770,38
-635,704,89
-583,721,68
-543,717,52
-572,691,82
-582,731,69
-549,699,84
-599,669,104
-704,722,213
-758,723,185
-778,717,184
-762,711,160
-730,674,206
-704,668,164
-687,713,172
-689,707,203
-711,656,255
-690,643,225
-676,681,229
-698,694,238
-699,714,199
-751,693,188
-731,750,201
-713,712,159
-722,724,157
-682,732,36
-737,708,62
-773,704,29
-844,519,96
-834,574,52
-825,559,90
-782,593,54
-820,535,84
-783,701,-23
-689,670,36
-787,601,80
-793,663,33
-854,697,79
-915,615,94
-858,686,-13
-883,532,-103
-1019,647,80
-873,840,18
-811,765,58
-836,674,177
-806,655,114
-754,735,28
-736,791,94
-677,675,92
-628,642,-1
-617,576,50
-540,739,-48
-444,685,-151
-408,648,-89
-426,665,-132
-532,732,-34
-698,654,142
-733,710,-45
-804,877,5
-852,691,119
-824,815,29
-828,877,46
-763,874,52
-655,894,22
-594,826,56
-554,735,177
-548,610,153
-672,667,253
-707,686,319
-698,764,228
-682,701,225
-687,577,333
-700,848,275
-611,726,209
-556,713,161
-566,766,231
-561,586,229
-578,668,181
-600,730,227
-581,907,158
-550,928,169
-551,812,150
-600,792,262
-638,826,243
-572,863,77
-607,855,157
-663,779,220
-673,625,112
-704,646,141
-616,619,75
-576,700,8
-614,812,99
-583,714,79
-522,564,4
-523,639,72
-506,777,-21
-526,710,-87
-609,658,77
-601,799,-26
-605,790,-67
-672,824,79
-696,747,114
-664,668,91
-640,636,87
-727,773,86
-732,901,-2
-749,748,62
-771,723,134
-764,789,68
-798,833,-85
-851,793,22
-842,794,71
-740,678,-1
-801,993,1
-751,684,-13
-733,781,-9
-731,689,23
-759,668,-13
-800,767,-12
-846,799,40
-856,724,16
-958,930,55
-954,1057,-8
-1091,972,9
-952,811,122
-813,682,72
-772,780,175
-734,781,273
-707,780,234
-747,857,199
-762,687,182
-859,630,209
-932,627,203
-887,608,47
-841,546,-7
-741,532,18
-590,482,53
-453,411,130
-366,370,213
-319,371,290
-350,354,350
-430,323,403
-543,239,409
-708,257,459
-817,494,554
-793,432,478
-766,259,419
-808,320,484
-794,364,517
-797,385,489
-747,373,435
-738,345,360
-767,332,277
-930,415,324
-1165,431,302
-1146,501,280
-1004,498,165
-915,464,16
-992,389,101
-958,343,160
-916,382,197
-898,395,213
-878,407,221
-857,450,239
-868,487,264
-860,508,277
-843,517,270
-810,545,237
-762,554,199
-774,566,190
-807,518,219
-802,438,209
-805,444,231
-838,465,321
-834,456,339
-795,438,314
-813,455,283
-831,456,284
-838,462,306
-834,452,310
-822,458,316
-864,480,313
-999,504,321
-912,506,324
-912,490,324
-1029,469,331
-1007,480,323
-862,453,289
-829,373,263
-839,391,249
-881,411,286
-837,351,356
-723,290,317
-687,259,303
-674,249,330
-681,270,358
-696,295,404
-698,301,431
-658,319,422
-639,337,376
-696,365,371
-764,405,389
-982,498,408
-1239,508,427
-1307,483,398
-1283,576,377
-1123,591,380
-887,466,304
-934,539,232
-1070,562,192
-1171,586,177
-1077,451,149
-932,325,97
-837,273,71
-820,275,99
-806,292,122
-772,290,114
-764,277,118
-777,321,138
-750,346,152
-784,381,151
-880,552,193
-940,696,293
-840,670,406
-800,722,427
-807,753,443
-778,667,503
-845,621,488
-852,473,441
-856,324,422
-927,240,386
-946,233,346
-887,291,331
-808,261,338
-787,326,383
-813,399,423
-841,421,398
-802,395,376
-737,366,381
-744,415,397
-748,462,386
-744,490,404
-736,499,441
-718,517,461
-725,578,499
-719,636,523
-660,647,520
-587,623,509
-528,609,528
-455,643,460
-417,687,428
-388,769,386
-382,862,306
-482,931,328
-702,948,370
-815,919,323
-877,820,316
-842,695,337
-798,634,384
-668,527,261
-473,692,202
-400,712,400
-431,676,530
-200,892,411
-176,1034,478
-228,903,365
-222,941,356
-122,967,306
-84,998,223
-204,839,313
-266,962,305
-292,1041,275
-309,986,267
-299,1007,254
-309,1070,278
-306,1017,251
-331,829,257
-326,812,259
-310,962,337
-349,818,226
-365,830,206
-370,883,223
-379,879,230
-432,869,227
-483,890,229
-533,895,249
-543,890,281
-520,849,274
-521,794,284
-490,805,262
-466,802,241
-446,745,246
-452,795,242
-454,843,251
-475,811,270
-466,801,270
-471,860,265
-502,883,261
-552,887,290
-553,865,281
-489,826,268
-373,817,321
-251,807,360
-136,834,332
-98,835,264
-153,863,225
-376,944,217
-584,912,211
-773,834,268
-816,829,288
-790,792,298
-709,762,310
-603,784,303
-507,833,278
-467,886,259
-452,867,260
-447,859,252
-429,832,248
-417,837,247
-428,834,278
-446,855,280
-470,888,276
-495,888,252
-497,845,240
-499,845,234
-502,863,223
-503,836,225
-491,826,235
-489,828,243
-479,827,228
-462,818,233
-445,815,240
-432,847,252
-445,859,254
-464,844,227
-479,847,214
-475,851,216
-456,860,187
-461,911,211
-479,908,239
-513,877,248
-517,803,219
-499,815,214
-508,837,232
-526,845,251
-536,835,261
-522,841,247
-510,829,239
-489,822,240
-468,810,234
-468,826,229
-472,826,225
-476,846,228
-460,859,226
-455,874,239
-452,880,235
-455,876,234
-463,884,234
-476,886,241
-470,899,239
-457,917,246
-443,930,217
-421,908,221
-398,861,217
-409,881,221
-444,881,234
-479,877,285
-456,868,287
-382,911,216
-300,959,144
-228,942,91
-199,906,78
-229,908,113
-299,897,173
-344,876,189
-444,896,284
-387,818,214
-395,1015,328
-289,952,301
-264,926,176
-285,962,196
-283,916,244
-255,898,129
-342,1005,350
-337,865,357
-331,976,319
-299,917,286
-295,780,266
-212,881,209
-281,1041,248
-358,917,444
-335,813,423
-302,678,361
-247,551,498
-57,430,383
53,634,369
100,818,416
-3,1186,562
-113,1479,85
-321,983,-71
-590,841,158
-762,902,167
-928,713,117
-848,708,66
-687,740,73
-627,807,474
-629,582,501
-761,803,643
-787,764,756
-686,638,755
-733,637,581
-753,582,521
-725,692,554
-687,565,516
-561,734,309
-640,378,627
-712,-73,229
-721,856,-489
-920,1342,-332
-593,1349,-118
-591,1375,-110
-650,1174,-73
-507,1128,-26
-466,1139,63
-327,1085,42
-302,794,72
-231,920,-47
-179,921,-171
-199,642,-156
-225,703,-108
-249,776,-173
-180,718,-157
-161,876,-72
-90,1096,-137
-80,1071,-26
10,1073,-104
43,1101,-304
102,995,-279
146,905,-134
151,921,-224
169,1063,-418
208,883,-287
221,789,-162
221,919,-251
216,968,-82
227,886,-49
216,943,-50
166,997,33
172,941,25
178,919,-47
157,924,-62
173,965,-52
126,974,-54
95,1026,-228
93,1004,-123
-22,1147,-113
-40,1262,-164
-47,1169,-60
-74,1176,-77
-180,1115,-176
-246,1107,-263
-245,932,134
-105,1035,29
-20,841,182
9,865,106
18,842,51
-64,892,178
-103,773,112
-159,993,132
-177,1204,161
-133,1089,210
-151,1089,202
-81,979,275
-20,871,278
27,973,210
-83,1184,263
-142,1309,211
-108,1244,108
57,1035,166
-49,745,366
59,1083,230
49,923,309
94,1038,276
214,895,370
249,907,155
20,671,-27
222,922,209
-13,903,208
134,1103,223
227,999,374
313,617,280
53,335,24
189,543,160
-30,875,129
43,1160,222
119,1068,265
173,975,278
197,891,215
177,669,110
65,964,219
-86,1284,247
-51,1440,165
79,1274,256
118,846,246
-22,676,166
-20,691,80
-57,638,188
-106,730,199
-6,652,-100
-85,1309,-107
-170,1341,128
55,1264,-220
-310,1227,192
-252,805,452
-412,340,744
-651,622,690
-568,660,813
-503,677,715
-574,418,781
-623,496,479
-713,673,210
-789,701,519
-731,577,490
-646,583,737
-680,856,560
-689,739,558
-535,512,486
-520,703,502
-507,683,668
-528,541,568
-591,628,504
-534,605,568
-413,676,605
-532,544,267
-874,652,170
-874,623,205
-715,756,395
-645,873,727
-623,760,664
-752,635,504
-781,753,470
-583,698,486
-382,578,487
-232,525,644
-222,403,612
-419,724,596
-401,732,494
-311,714,565
-348,671,826
-251,1141,530
-436,1061,381
-500,871,378
-555,772,357
-720,1013,436
-753,1233,618
-425,770,663
-90,441,752
290,359,667
263,423,488
92,546,449
106,628,355
17,989,316
-57,876,578
-58,812,864
-282,627,1040
-338,761,893
-446,615,649
-433,696,468
-444,637,442
-484,644,561
-383,551,704
-309,611,827
-326,704,908
-453,656,814
-502,664,604
-458,616,547
-476,468,674
-467,540,763
-417,459,856
-533,493,764
-747,557,557
-893,986,752
-619,686,745
-417,425,706
-401,574,616
-439,578,552
-450,711,552
-360,836,433
-323,908,413
-326,1011,390
-301,968,352
-245,922,339
-194,847,360
-183,819,376
-170,820,388
-230,906,401
-308,1005,405
-332,1026,396
-407,985,356
-391,938,347
-331,878,285
-333,905,268
-420,820,283
-371,807,364
-368,806,359
-354,865,327
-376,793,331
-418,737,339
-496,768,323
-588,797,322
-621,757,309
-617,750,309
-614,746,310
-593,739,301
-553,749,324
-539,793,333
-590,860,350
-607,830,343
-595,745,307
-592,714,294
-594,705,271
-579,732,273
-569,738,277
-560,793,295
-545,808,312
-542,815,326
-564,800,318
-504,774,317
-396,732,304
-343,717,286
-286,835,277
-287,881,260
-295,834,217
-278,791,246
-362,735,188
-562,795,159
-715,859,173
-859,932,85
-772,1045,91
-596,924,136
-550,979,191
-536,947,146
-400,963,239
-319,912,205
-327,833,318
-443,889,337
-386,892,193
-406,898,229
-409,781,261
-420,727,364
-399,716,421
-324,945,431
-176,1061,413
-28,985,310
40,914,347
68,817,369
106,773,380
86,777,352
-65,820,326
-159,944,345
-242,960,280
-276,943,353
-279,909,388
-258,975,317
-254,915,251
-262,941,181
-285,953,149
-292,925,174
-271,875,206
-270,881,265
-245,973,307
-220,997,300
-248,1104,278
-253,1134,305
-267,1087,298
-288,1055,275
-325,1000,258
-354,1038,257
-347,910,202
-247,880,267
-140,868,274
-53,954,210
-43,992,269
-91,1030,304
-185,1210,322
-292,1258,358
-388,1275,343
-392,1171,198
-377,1159,268
-331,1035,183
-239,962,50
-277,972,127
-367,847,180
-284,881,142
-223,948,135
-107,1046,167
-71,944,242
-66,1050,346
-78,899,347
-126,87,-176
-89,712,218
-9,1062,679
-29,1138,490
31,1037,388
67,913,414
83,891,291
22,886,210
5,808,200
-12,821,239
19,843,195
15,813,158
-8,824,280
22,822,306
33,711,348
-16,569,248
-189,574,120
-476,872,184
-480,892,-40
-548,1137,-238
-649,1395,97
-481,1164,89
-481,973,132
-523,1053,186
-514,955,191
-547,971,232
-563,1023,261
-500,1039,403
-364,968,228
-297,985,186
-334,573,414
-512,694,489
-509,726,184
-496,986,180
-414,798,340
-465,590,317
-508,723,376
-344,696,399
-318,651,396
-337,808,254
-388,713,420
-351,579,249
-433,590,173
-574,687,187
-714,792,149
-771,890,119
-784,905,67
-790,1060,85
-693,899,87
-671,730,217
-569,775,212
-554,839,56
-678,799,204
-613,807,93
-579,890,264
-756,440,539
-715,443,423
-699,718,362
-683,729,340
-706,754,385
-669,742,372
-661,758,517
-631,750,615
-567,680,605
-582,627,708
-555,652,553
-565,555,492
-720,802,584
-815,728,830
-672,962,671
-597,1217,629
-534,1018,815
-227,989,531
-175,650,600
61,451,554
195,61,396
126,227,452
-324,573,830
-256,299,818
-368,141,1025
-416,5,871
-463,733,356
-485,886,463
-555,605,631
-574,815,640
-547,872,672
-440,892,564
-595,844,640
-336,809,412
-334,688,348
-441,1017,336
-298,984,374
-290,805,383
-322,601,344
-298,598,302
-305,1009,325
-480,1116,585
-355,781,721
-455,976,540
-281,976,388
-486,765,530
-445,933,366
-478,912,421
-583,880,432
-747,644,445
-744,915,425
-692,973,330
-642,938,124
-811,1020,184
-803,1178,224
-789,1129,283
-846,1048,518
-821,1131,443
-759,1179,312
-638,1059,235
-538,788,223
-414,774,256
-546,520,410
-492,544,486
-320,578,191
-133,349,-20
-329,302,68
-524,715,279
-727,785,483
-719,613,449
-653,504,293
-656,496,136
-702,590,117
-739,701,105
-754,673,65
-713,622,39
-624,606,69
-542,643,99
-494,717,139
-507,770,179
-539,844,222
-542,798,269
-567,709,338
-542,624,385
-537,620,391
-523,620,394
-527,579,400
-567,605,422
-604,658,458
-633,668,492
-660,671,515
-658,638,549
-654,603,581
-664,565,574
-664,545,550
-658,507,526
-668,503,517
-676,537,481
-677,548,418
-721,582,413
-732,524,387
-755,493,326
-864,506,290
-957,500,301
-964,431,309
-965,371,302
-924,357,317
-867,363,335
-848,394,338
-828,396,317
-808,377,285
-846,385,258
-937,404,234
-967,406,217
-944,385,198
-926,383,201
-944,392,178
-952,387,144
-947,394,146
-900,400,162
-878,401,200
-877,388,193
-873,362,207
-888,299,233
-1006,285,254
-953,258,246
-963,205,255
-956,188,277
-964,191,274
-841,201,260
-720,223,258
-772,285,316
-944,352,357
-1076,375,370
-1083,350,381
-1072,287,392
-1015,240,360
-886,215,313
-810,249,321
-798,308,297
-831,391,266
-866,387,279
-912,382,279
-939,351,295
-922,353,293
-906,346,257
-872,313,236
-881,287,307
-878,243,310
-814,247,246
-768,296,298
-777,303,445
-746,377,495
-809,300,523
-843,391,392
-815,520,297
-920,601,309
-962,549,269
-941,595,204
-894,580,124
-821,629,66
-816,680,114
-789,643,161
-798,610,233
-776,676,199
-757,710,168
-798,785,235
-827,762,320
-778,709,341
-711,662,339
-682,670,375
-623,643,385
-561,661,370
-536,658,363
-530,659,357
-524,683,361
-524,706,364
-555,702,343
-586,704,311
-697,735,353
-846,827,401
-950,826,409
-908,728,462
-839,507,393
-798,375,341
-752,330,270
-715,405,216
-751,527,269
-768,622,325
-780,607,400
-721,547,430
-657,516,447
-623,535,464
-576,546,446
-535,518,419
-508,529,419
-485,534,437
-503,579,451
-534,610,472
-580,644,500
-585,605,507
-508,560,502
-444,609,488
-461,762,494
-584,914,554
-648,862,558
-629,765,569
-559,665,518
-559,717,490
-668,794,486
-754,802,459
-752,704,444
-680,567,403
-623,517,369
-617,586,364
-633,653,343
-606,636,333
-595,656,364
-551,741,423
-538,864,532
-502,760,621
-421,650,656
-418,662,696
-407,594,724
-421,580,644
-481,579,650
-511,370,555
-609,263,568
-694,322,536
-785,318,525
-845,196,506
-829,195,477
-776,314,589
-674,323,664
-638,281,670
-672,350,696
-713,441,849
-692,403,765
-693,301,696
-668,368,666
-664,384,668
-642,392,647
-618,431,625
-617,451,625
-642,499,651
-635,468,613
-633,512,614
-609,508,567
-609,524,578
-610,573,588
-618,637,588
-600,657,551
-603,645,533
-592,610,575
-565,612,532
-612,635,451
-712,694,578
-832,544,689
-791,476,614
-715,477,596
-632,423,628
-486,527,662
-320,672,728
-215,771,697
-172,855,555
-180,849,454
-230,836,400
-290,813,351
-404,754,308
-554,807,262
-691,758,220
-684,785,221
-617,822,316
-529,798,322
-438,781,307
-491,760,406
-470,755,391
-462,793,438
-448,773,454
-447,763,456
-435,814,455
-437,745,431
-416,745,357
-469,824,431
-469,757,415
-483,809,357
-481,914,284
-524,869,355
-572,861,336
-612,957,307
-631,972,292
-620,1042,314
-618,1126,385
-560,1058,421
-489,969,439
-435,946,436
-372,972,443
-333,1018,387
-319,962,323
-287,890,281
-219,840,234
-163,845,203
-129,820,189
-91,842,171
-71,875,150
-69,897,180
-69,849,194
-67,873,185
-56,896,164
-36,872,165
-11,852,198
33,819,229
47,815,278
40,827,332
33,893,332
30,1009,322
32,1056,343
19,1058,374
-20,1056,354
-56,1069,337
-77,1003,348
-74,982,308
-86,984,288
-85,923,273
-118,924,263
-144,926,261
-158,917,246
-173,907,269
-192,938,299
-196,972,318
-187,970,313
-193,981,305
-208,967,323
-213,920,337
-187,906,350
-142,908,350
-108,910,347
-77,943,342
-75,978,330
-60,1007,318
-12,1004,272
-12,1023,242
-32,1019,179
15,993,114
51,986,125
62,1012,171
77,964,205
83,899,257
91,854,296
131,831,281
129,916,298
114,963,335
118,942,361
127,925,375
124,947,355
131,947,336
89,980,386
106,1007,414
75,1077,452
65,1111,446
45,1064,478
-74,999,511
-134,995,474
-134,993,496
-61,935,477
9,853,477
69,775,445
89,767,400
98,658,389
122,568,422
173,655,393
194,697,431
228,682,451
259,732,494
297,786,522
294,806,551
263,794,553
247,819,583
294,817,604
299,900,563
217,970,520
132,871,483
52,823,454
-33,840,469
-62,790,521
-102,706,449
-178,775,543
-289,629,559
-438,709,679
-501,709,643
-523,680,625
-613,744,697
-576,640,708
-543,561,736
-594,590,743
-575,486,728
-558,574,778
-508,396,743
-513,501,821
-468,371,799
-491,326,792
-514,330,837
-533,258,789
-569,220,817
-596,194,786
-613,142,773
-617,52,786
-664,45,746
-680,83,734
-691,52,723
-702,80,710
-705,28,668
-717,21,670
-755,119,695
-759,-23,720
-750,-50,715
-759,-85,697
-779,-123,643
-790,-145,605
-817,-133,566
-825,-113,560
-843,-135,648
-896,-254,730
-864,-155,690
-853,-180,686
-908,-285,711
-865,-192,659
-744,-194,472
-694,-41,598
-680,156,411
-583,527,219
-477,654,281
-417,896,433
-299,921,237
-291,1096,360
-130,1068,310
-280,1125,478
-283,831,521
-117,881,477
-337,1106,412
-182,423,613
90,866,388
-548,1323,301
-613,556,563
-144,702,464
-211,980,324
-377,1029,388
-454,1020,440
-360,917,491
-235,840,469
-181,828,451
-164,859,414
-157,822,474
-150,915,449
-169,934,429
-153,802,417
-90,812,251
-80,1035,287
-90,1053,394
-109,1115,511
26,898,452
2,789,575
-4,753,419
-58,894,341
-98,833,364
-113,726,342
-140,776,223
-263,993,271
-291,929,333
-233,858,400
-165,843,461
-132,893,498
-103,929,492
-71,894,471
-67,928,459
-62,967,439
-90,983,444
-73,969,422
-91,934,401
-94,910,421
-45,916,390
-49,920,349
-37,910,371
-47,913,397
-94,945,392
-145,960,358
-158,991,313
-145,984,306
-123,953,297
-123,943,278
-108,933,240
-100,948,236
-91,948,230
-84,951,232
-64,945,228
-36,951,229
-52,962,224
-87,971,214
-82,929,213
-60,915,203
-65,985,192
-96,1004,180
-125,995,196
-130,950,229
-136,950,184
-168,958,179
-160,914,198
-134,939,200
-147,955,206
-168,945,215
-190,961,211
-252,995,222
-301,961,195
-299,874,206
-333,909,240
-357,962,261
-374,991,277
-313,938,326
-222,907,325
-165,961,276
-125,943,273
-67,932,239
-65,969,237
-52,964,216
-42,967,253
-69,935,292
-74,888,361
-18,919,335
-186,1110,456
-245,876,522
-122,767,351
-67,940,306
-52,886,335
-125,738,391
-142,716,412
-193,631,570
-212,516,437
-138,562,209
-127,705,194
-149,630,253
-155,701,8
-224,939,-664
-300,1455,-1014
-559,1344,-816
-423,1042,-534
-399,709,-554
-438,598,-593
-424,810,-614
-335,881,-530
-450,906,-569
-519,774,-537
-532,807,-563
-602,880,-543
-603,787,-504
-561,747,-500
-514,800,-511
-509,767,-498
-466,749,-506
-379,750,-506
-331,788,-474
-424,834,-370
-486,832,-340
-509,861,-397
-436,761,-397
-355,777,-393
-376,868,-401
-450,882,-383
-477,816,-320
-481,837,-258
-556,896,-244
-596,841,-245
-599,808,-272
-603,862,-289
-544,817,-269
-506,780,-285
-498,750,-273
-480,741,-240
-497,826,-201
-483,846,-173
-447,781,-134
-448,811,-138
-478,781,-137
-503,792,-123
-577,900,-139
-578,865,-81
-583,928,-82
-582,922,-25
-596,969,20
-652,1011,29
-623,913,139
-544,942,94
-455,1006,69
-344,827,102
-314,856,134
-329,628,135
-353,443,125
-509,704,220
-527,651,330
-606,542,340
-740,566,499
-793,255,567
-1154,699,552
-885,786,637
-722,527,799
-633,436,438
-797,616,539
-892,695,752
-824,459,530
-916,571,356
-1027,770,342
-1032,626,402
-1007,579,412
-915,441,372
-828,404,277
-730,414,264
-725,432,353
-763,512,317
-744,489,283
-775,539,322
-856,622,366
-842,612,281
-774,540,170
-847,673,171
-865,812,185
-853,784,206
-825,787,199
-782,746,175
-738,656,134
-758,700,125
-712,790,158
-653,833,171
-543,860,153
-482,885,198
-342,886,285
-284,828,263
-254,775,246
-373,806,426
-475,811,455
-463,733,381
-592,844,542
-678,744,646
-686,644,619
-817,531,583
-804,429,550
-813,360,537
-848,326,471
-891,339,447
-817,286,442
-808,297,392
-853,367,386
-944,525,476
-1169,754,540
-1013,631,406
-760,571,395
-599,606,384
-529,680,360
-537,656,326
-687,589,327
-812,591,334
-775,651,333
-611,625,360
-542,697,369
-641,718,438
-704,718,519
-692,636,550
-639,562,538
-685,536,529
-735,501,472
-905,513,425
-977,435,381
-879,352,279
-921,388,251
-868,409,214
-910,476,265
-787,434,277
-636,405,274
-705,509,361
-835,574,398
-809,511,381
-787,462,422
-773,468,464
-718,477,447
-674,476,440
-706,491,491
-771,525,517
-801,560,519
-862,549,534
-913,493,528
-910,416,490
-888,411,488
-881,397,470
-827,364,422
-747,362,415
-659,375,403
-635,394,366
-640,385,372
-661,378,374
-714,422,385
-774,461,402
-683,424,377
-813,411,437
-937,334,427
-965,207,342
-953,193,369
-1000,185,404
-1058,173,376
-1083,104,362
-1051,55,379
-987,67,382
-930,98,366
-873,144,346
-864,172,332
-908,205,329
-933,240,318
-921,260,312
-930,279,315
-951,281,335
-973,257,340
-994,227,350
-974,197,344
-916,164,310
-864,170,311
-868,207,333
-920,214,368
-940,193,405
-949,181,423
-944,171,430
-840,141,400
-761,166,380
-745,216,382
-744,257,355
-773,279,360
-795,293,361
-784,298,344
-812,313,350
-859,330,361
-990,381,387
-1029,405,380
-1007,419,356
-927,482,345
-911,568,365
-881,635,356
-768,610,329
-687,654,342
-689,699,335
-694,717,309
-691,704,278
-668,706,277
-655,729,282
-622,741,283
-603,707,295
-568,708,320
-540,704,339
-496,691,354
-447,697,378
-423,692,387
-411,717,408
-424,711,440
-476,719,478
-577,734,529
-738,756,585
-844,704,621
-820,617,634
-840,607,651
-928,605,644
-1038,451,502
-1063,313,382
-938,209,344
-736,251,309
-564,333,312
-476,423,305
-439,499,291
-445,493,318
-491,482,376
-533,474,445
-570,512,502
-593,548,531
-602,612,546
-698,676,586
-806,682,586
-844,651,586
-901,729,602
-922,792,534
-890,818,441
-743,736,346
-763,743,301
-865,820,242
-904,841,186
-811,789,124
-700,711,103
-615,710,97
-585,740,119
-587,765,151
-602,765,179
-620,739,208
-626,699,254
-579,712,308
-535,695,374
-481,675,478
-431,671,529
-369,635,514
-335,644,525
-323,745,565
-335,819,510
-337,884,481
-310,890,431
-338,906,407
-400,932,408
-451,825,372
-408,817,358
-323,714,308
-299,680,243
-325,741,294
-368,636,269
-480,660,237
-572,737,170
-698,770,120
-789,751,141
-810,821,176
-729,800,153
-659,808,306
-545,860,331
-582,897,419
-578,896,424
-562,893,368
-527,1002,241
-586,955,306
-664,726,345
-728,831,284
-865,989,261
-889,1163,337
-809,1236,305
-734,1188,362
-531,1108,292
-343,1116,244
-194,824,359
-80,704,257
51,708,122
81,844,65
57,687,250
99,744,254
144,864,145
164,775,174
184,757,181
199,852,134
207,838,127
191,800,124
415,515,376
265,746,73
200,886,14
329,813,86
230,1025,1
183,1014,153
222,1036,76
193,1082,59
205,1105,47
169,1107,11
123,1098,-30
79,1086,-17
47,1057,-14
13,1049,-30
-20,1005,-27
-48,977,-22
-87,949,-13
-191,914,33
-311,945,21
-356,963,30
-337,954,95
-361,979,153
-376,956,147
-383,876,140
-403,833,175
-443,873,188
-545,872,176
-604,889,139
-615,824,156
-595,724,217
-580,788,218
-597,835,166
-617,812,158
-631,763,187
-641,735,192
-629,733,209
-608,731,199
-601,744,179
-622,764,188
-639,761,209
-645,809,204
-650,824,199
-620,808,206
-567,773,221
-543,752,228
-527,732,206
-538,739,196
-552,725,175
-585,769,155
-625,802,152
-657,823,174
-666,817,170
-658,793,188
-642,773,209
-622,776,216
-602,781,212
-606,810,190
-614,818,195
-599,808,187
-606,828,150
-606,822,136
-585,807,146
-561,785,151
-530,797,150
-512,795,159
-485,796,156
-444,799,113
-439,830,109
-428,829,114
-435,884,59
-441,865,50
-420,871,73
-414,883,30
-410,906,12
-349,892,15
-259,897,36
-161,1036,33
-107,1185,2
-132,1099,70
-56,971,88
-16,1057,-11
-102,1161,-51
-190,1107,19
-234,1082,32
-247,1081,-7
-190,1016,4
-103,922,16
-42,915,-37
42,919,4
110,949,-55
139,954,-40
166,934,-40
191,953,-240
165,910,-282
48,753,-240
4,916,-195
-74,929,-111
-114,1019,-84
-161,1170,-47
-106,1274,17
-190,1407,83
-321,1496,118
-424,1373,136
-376,1094,142
-231,888,140
-145,840,93
-129,757,61
-69,748,71
-1,735,21
72,701,6
101,722,44
111,831,-14
89,895,27
89,919,56
96,1017,-2
56,1091,-80
-1,1193,-58
120,1363,-166
97,1317,-190
19,1355,-215
-68,1233,-187
41,1093,-231
32,1196,-236
-14,1193,-258
-16,988,-204
2,827,-122
32,776,-36
99,734,-46
111,673,-51
74,686,2
43,778,-13
52,830,-94
56,864,-150
105,871,-98
84,868,-71
131,1082,-41
103,1211,-51
82,1204,-134
43,1057,-46
-34,1069,-57
-100,1141,-224
-154,972,-165
-96,855,-225
-119,987,-290
-235,934,-75
-187,864,-151
-145,914,-187
-209,733,-74
-181,692,-15
-140,867,-137
-279,828,-73
-387,843,89
-433,956,40
-552,944,109
-664,1011,261
-679,915,224
-733,954,359
-702,765,400
-590,669,340
-726,710,554
-704,613,580
-680,497,410
-765,570,631
-711,553,629
-631,487,493
-690,345,596
-684,345,497
-770,634,438
-715,585,566
-757,508,514
-629,259,380
-739,376,535
-792,518,488
-983,560,473
-851,559,563
-812,425,596
-935,465,696
-1018,634,607
-1153,699,483
-1273,793,502
-1203,642,437
-1049,695,355
-767,810,268
-510,706,191
-339,687,-50
-83,643,-310
109,786,-317
127,936,-55
105,718,-21
-145,735,245
-253,894,117
-116,1053,-114
-162,886,75
-123,762,-90
-224,739,41
-246,787,-223
-207,973,-145
-155,997,-82
-259,847,150
-286,1100,27
-292,1117,-36
-260,1136,-13
-192,1118,-80
-186,1106,-13
-170,1023,2
-208,1030,110
-302,851,26
-298,1132,51
-305,1113,235
-237,851,-19
-204,964,13
-170,883,16
-158,860,142
-137,904,78
-167,921,94
-244,1012,133
-213,991,46
-217,815,65
-173,799,150
-162,784,123
-159,780,33
-212,715,90
-221,641,72
-266,678,1
-275,591,36
-349,717,-4
-613,801,64
-818,788,-23
-1032,852,31
-1031,802,11
-959,873,38
-949,903,145
-792,749,168
-653,801,165
-664,807,209
-706,852,157
-771,926,223
-702,905,173
-632,759,150
-648,674,171
-675,683,156
-697,613,97
-797,691,187
-859,795,134
-974,740,106
-1078,752,116
-1106,589,114
-1084,624,119
-1018,562,109
-923,461,52
-831,490,70
-748,490,141
-689,432,244
-571,521,148
-528,726,117
-637,629,131
-796,514,78
-867,556,-18
-880,524,-138
-865,684,-98
-909,576,-13
-965,169,240
-942,356,110
-957,475,39
-995,496,101
-1013,418,82
-950,514,24
-844,619,-2
-820,530,6
-772,532,-19
-799,425,-28
-819,335,-130
-872,521,-168
-919,553,-76
-916,520,55
-866,625,29
-830,554,62
-854,446,26
-859,461,-80
-850,489,-106
-836,479,-106
-858,499,-109
-857,541,-125
-885,580,-79
-850,603,-28
-831,582,-34
-821,501,-79
-813,419,-169
-822,425,-181
-898,514,-126
-980,419,-80
-908,335,-26
-950,417,7
-928,401,50
-881,600,-56
-777,628,-173
-891,428,-173
-934,227,-44
-854,510,-123
-867,590,-222
-793,603,-347
-601,429,-183
-981,424,-6
-821,380,-179
-800,506,-55
-840,368,132
-592,156,74
-1082,35,33
-1122,384,-32
-1168,887,47
-928,595,264
-810,733,13
-933,499,-194
-849,446,31
-933,293,231
-771,462,-92
-907,788,23
-804,491,-26
-933,506,221
-886,486,55
-853,531,-66
-945,502,167
-928,437,90
-878,585,-49
-905,410,39
-932,418,120
-936,585,40
-1037,710,113
-1115,608,221
-1137,452,368
-1076,578,427
-903,676,335
-802,671,256
-844,642,234
-910,589,192
-955,529,152
-939,471,135
-887,454,129
-818,433,94
-645,361,103
-477,375,157
-437,466,195
-451,471,231
-469,476,293
-494,490,327
-502,399,350
-555,356,358
-603,339,361
-646,342,437
-580,383,436
-482,471,449
-482,514,548
-606,428,655
-603,476,603
-484,551,584
-308,496,479
-591,580,515
-994,619,431
-1116,854,242
-983,632,266
-912,505,275
-947,690,295
-1078,622,236
-1067,629,485
-864,802,-64
-836,1031,302
-713,572,282
-803,957,225
-597,650,205
-647,736,219
-722,782,177
-687,762,173
-670,854,178
-640,739,229
-531,562,205
-743,522,226
-634,873,86
-770,836,209
-638,669,248
-548,744,244
-479,562,66
-376,433,76
-640,604,30
-774,821,167
-595,397,186
-1039,1357,344
-653,616,298
-642,593,359
-731,608,312
-876,462,216
-804,371,203
-781,450,173
-787,653,238
-824,629,287
-751,623,247
-772,549,270
-721,692,197
-843,539,157
-912,743,39
-894,549,2
-891,440,176
-782,532,74
-661,666,60
-497,775,-11
-519,757,-98
-557,964,-69
-498,911,82
-567,802,129
-637,689,27
-739,823,-16
-897,392,168
-894,472,125
-769,872,150
-520,1016,75
-524,790,33
-820,602,49
-1080,758,150
-1272,800,192
-1180,359,195
-1018,246,207
-799,386,39
-659,504,-103
-688,609,-242
-738,743,-305
-706,771,-232
-679,546,-120
-683,498,-59
-640,554,-43
-685,451,15
-836,554,140
-768,602,-46
-756,649,-230
-853,648,-151
-829,658,-151
-785,611,-103
-842,554,60
-875,546,40
-1024,813,-305
-1060,399,180
-974,628,-190
-927,404,172
-906,387,182
-1024,355,220
-999,409,32
-866,511,-220
-978,408,-259
-1208,194,-2
-1232,439,-15
-1034,621,120
-1144,816,-18
-1213,348,-259
-1239,365,-315
-1220,325,-138
-1180,383,-24
-1160,460,-28
-1092,496,-34
-1051,444,-65
-1066,422,-101
-1018,392,-103
-991,352,-130
-940,414,-181
-898,475,-150
-866,397,-133
-822,394,-40
-692,444,-177
-728,422,-97
-766,340,-33
-683,505,-35
-598,511,-39
-595,588,108
-526,467,-58
-584,723,4
-560,727,-261
-793,670,14
-776,515,79
-780,482,89
-652,489,-122
-686,380,277
-862,455,227
-750,558,12
-621,452,295
-587,843,240
-670,295,-103
-754,880,-260
-774,1058,-191
-637,786,-454
-839,216,516
-881,1009,83
-1052,143,31
-921,557,38
-674,852,-264
-738,859,-139
-755,270,-289
-697,616,-99
-800,541,28
-840,589,70
-777,731,104
-662,914,-23
-681,717,-67
-711,656,32
-672,590,-45
-729,555,-109
-858,507,-96
-979,265,106
-532,917,241
-323,1174,-467
-1310,48,643
-667,555,169
-541,972,111
-764,881,65
-795,1092,79
-769,1288,243
-1059,1041,107
-1163,367,-168
-865,486,-264
-639,372,-312
-674,461,-218
-802,566,-101
-829,634,-29
-712,669,79
-818,638,118
-1036,769,136
-1232,650,85
-1371,435,56
-1368,218,81
-1285,49,208
-1140,69,357
-962,167,334
-817,275,273
-685,316,216
-588,324,159
-506,322,118
-435,314,90
-386,493,-50
-400,677,-78
-624,721,58
-907,520,314
-1003,351,484
-1092,357,552
-1272,536,603
-1320,608,617
-1173,509,476
-1173,466,402
-1211,395,428
-1100,350,437
-883,315,364
-680,314,267
-595,386,235
-559,509,195
-525,528,212
-498,497,236
-493,485,253
-549,514,245
-632,598,276
-765,626,359
-822,615,389
-855,707,458
-880,763,545
-995,782,574
-1093,641,524
-944,411,438
-702,268,378
-530,316,377
-443,406,368
-403,481,331
-412,524,337
-452,549,378
-494,556,429
-534,579,477
-549,614,500
-591,649,525
-793,768,567
-930,810,592
-877,770,578
-789,896,566
-789,978,520
-721,895,423
-748,865,388
-776,822,390
-696,739,352
-591,609,304
-480,497,286
-390,433,286
-353,421,271
-326,427,249
-342,502,256
-399,589,315
-476,610,370
-572,679,399
-616,786,473
-835,930,654
-964,888,667
-793,733,652
-795,731,745
-1034,711,763
-946,553,596
-669,396,361
-415,387,278
-302,424,396
-229,535,362
-218,537,339
-240,570,308
-306,609,366
-372,647,430
-356,654,455
-361,698,561
-503,785,637
-657,853,707
-722,859,733
-680,1066,767
-642,1142,759
-619,1136,685
-642,1209,736
-631,1173,731
-625,1010,600
-522,865,575
-382,796,553
-309,774,509
-295,724,504
-246,610,452
-254,618,592
-251,497,628
-239,378,631
-144,343,651
-71,422,698
22,532,658
17,567,792
-219,702,1017
-322,659,692
-56,693,469
84,639,435
-600,906,-123
-1035,404,1355
-132,-142,1382
352,505,1090
378,611,1025
254,338,908
293,301,937
267,337,1024
317,127,969
325,109,883
353,88,810
533,467,944
427,375,1054
348,95,934
584,279,656
575,552,776
336,268,970
303,417,772
469,384,718
233,330,856
280,229,913
299,251,901
390,275,835
299,334,952
324,169,921
329,123,728
185,174,989
292,227,1166
329,97,1008
227,166,980
295,208,942
292,186,1086
147,232,1063
51,113,1077
102,217,1188
429,369,960
403,138,945
82,158,1043
109,152,809
122,211,731
87,189,788
156,375,940
35,316,936
-23,335,1028
-10,391,1037
38,233,909
-4,328,896
-15,400,986
3,242,861
-28,364,917
-36,278,919
3,239,826
36,344,774
91,310,777
-146,558,1285
-200,328,1027
42,211,843
-46,544,982
-125,332,890
-2,370,943
-10,418,1021
-152,192,950
-131,531,674
21,392,784
-119,301,892
140,241,896
89,276,1025
-79,86,1229
-52,242,1136
-689,694,787
-11,-50,1109
175,-148,961
53,411,884
-105,161,957
10,262,1044
23,158,939
-44,249,931
-66,175,993
9,216,907
58,112,452
-21,139,775
284,120,763
462,702,643
-135,464,784
-240,770,970
237,392,874
-20,837,872
274,925,599
-378,975,877
-449,523,923
115,835,710
186,823,657
1,920,625
119,676,561
169,827,556
83,897,606
114,860,529
61,848,564
10,770,491
28,958,328
202,741,224
179,725,234
2,683,168
-155,928,269
-104,1125,824
-90,811,567
-119,657,142
-102,716,126
-96,460,-303
-188,361,-278
-382,688,32
-802,1011,260
-1425,1797,348
-1388,1807,-743
-1813,909,-1076
-1845,-250,-329
-1333,-482,50
-995,-397,219
-881,-72,366
-956,286,334
-990,375,258
-931,366,197
-899,497,216
-865,527,201
-1002,525,267
-1087,489,263
-1025,309,114
-1014,229,92
-1088,181,141
-1086,221,298
-932,266,470
-795,255,463
-661,249,370
-611,310,296
-608,360,292
-624,427,329
-684,409,349
-734,395,389
-734,371,386
-691,384,351
-688,450,343
-729,543,319
-877,617,338
-1008,561,461
-1068,560,462
-1158,818,452
-1188,963,414
-1057,880,349
-876,679,196
-999,630,126
-1046,617,134
-979,569,87
-859,520,21
-754,422,-3
-696,403,2
-679,405,41
-679,379,36
-670,350,67
-671,370,130
-686,440,205
-743,472,262
-777,401,286
-857,373,363
-1072,430,453
-1105,452,568
-899,437,620
-1008,389,559
-1208,282,383
-1103,246,296
-929,318,312
-752,393,334
-620,440,316
-542,447,276
-530,412,261
-571,360,253
-666,328,257
-720,304,274
-721,265,298
-713,274,324
-755,318,355
-910,390,380
-1048,446,409
-1208,421,430
-1302,453,508
-1308,523,543
-1096,523,401
-1117,411,270
-1191,532,351
-1084,495,332
-869,327,246
-698,248,212
-586,267,223
-571,340,220
-611,362,219
-656,374,204
-620,442,201
-620,524,219
-720,557,260
-842,563,282
-834,577,380
-990,627,467
-1085,640,518
-997,555,601
-1043,472,558
-1152,513,502
-1005,452,497
-783,413,429
-596,413,355
-480,436,322
-409,495,326
-341,490,333
-270,471,354
-208,524,355
-220,590,364
-267,659,391
-360,786,458
-526,907,486
-632,880,465
-655,817,480
-669,963,541
-806,1090,522
-966,918,510
-918,757,538
-937,763,554
-883,732,507
-713,688,430
-526,580,350
-398,562,313
-369,639,295
-408,801,371
-413,712,358
-330,613,304
-283,530,300
-295,533,368
-346,581,469
-368,734,510
-536,903,564
-624,978,555
-535,864,575
-538,803,567
-628,811,665
-638,773,690
-584,730,658
-507,633,664
-416,501,591
-303,523,472
-195,616,498
-124,681,524
-87,730,454
-73,832,443
-94,843,438
-133,766,355
-151,712,183
-148,857,57
-164,925,90
-201,850,-45
-372,974,90
-458,918,-77
-451,995,-323
-680,1123,-114
-714,963,-60
-496,906,-250
-471,907,-229
-549,807,-74
-529,723,-281
-539,886,-453
-632,833,-230
-679,784,-190
-735,718,-163
-730,978,-175
-736,955,-225
-621,856,-149
-680,847,-70
-625,875,-191
-678,730,64
-613,962,-337
-717,1228,-454
-571,1234,-499
-450,1073,-387
-192,652,-338
94,533,-330
-84,864,-417
-537,1139,-234
-431,957,-267
-213,826,-260
-83,753,-307
-65,806,-363
-176,796,-213
-223,787,-208
-308,840,-102
-395,768,-189
-474,918,-85
-479,1138,-78
-577,1139,-83
-576,1043,-85
-510,1066,-78
-520,1044,-48
-489,1017,-90
-481,1013,130
-407,827,211
-329,647,133
-302,642,124
-319,887,98
-272,798,71
-248,701,202
-228,761,191
-140,873,152
-49,929,228
-118,1114,11
-199,1149,-66
-280,1268,-152
-346,1474,-272
-440,1226,16
-368,937,-18
-296,1031,-217
-299,1156,-213
-199,1024,-285
-41,877,-314
101,783,-247
220,896,-276
210,877,-364
58,694,-164
-176,619,189
-336,432,252
-283,960,85
-142,1205,-45
-107,1179,-205
-79,1194,-246
-287,1252,-216
-437,1305,-276
-455,1274,-288
-453,1221,-176
-452,1103,-148
-431,973,-100
-276,779,-192
-214,748,-108
-153,624,-16
-69,624,-167
-46,604,-81
-27,728,-85
-36,753,-98
-57,795,-40
-76,920,-75
-133,1131,-128
-220,1192,-139
-229,1230,-179
-191,1324,-361
-250,1551,-493
-326,1357,-434
-194,999,-281
-112,923,-314
-201,1012,-349
-289,1066,-323
-348,851,-158
-193,730,-46
-188,700,-79
-85,730,-82
-38,661,-106
-109,666,64
-208,806,255
-187,1076,165
-147,1065,-11
-156,1058,-82
-230,1111,-29
-370,1338,-62
-455,1303,31
-493,1183,5
-587,1015,-114
-607,926,-140
-505,878,-114
-381,906,0
-220,849,63
-133,746,143
-40,593,101
-38,654,146
-78,638,134
-56,681,12
-123,866,84
-150,877,175
-261,1064,179
-413,1242,102
-297,1151,-382
-417,1329,30
-360,1346,-119
-354,1213,-213
-397,1190,-202
-435,1004,-236
-447,926,-225
-400,878,-274
-339,793,-218
-295,775,-130
-264,747,-58
-269,716,-24
-302,689,1
-365,721,13
-472,785,-18
-555,823,-43
-556,735,-20
-568,752,-19
-599,904,-58
-547,843,-71
-585,784,-17
-662,753,-10
-694,780,-64
-692,807,-76
-690,881,-80
-736,866,-44
-797,793,5
-747,766,28
-727,767,26
-714,761,48
-693,771,46
-677,768,48
-650,743,51
-610,713,58
-573,701,61
-543,676,51
-534,662,57
-617,716,27
-680,801,4
-681,732,27
-732,699,16
-802,756,-15
-870,766,-11
-929,728,5
-903,652,-20
-795,623,-33
-681,634,-17
-617,654,-3
-675,719,-12
-738,696,-23
-752,633,-93
-778,610,-157
-799,612,-172
-799,612,-125
-792,606,-108
-789,657,-133
-741,594,-107
-715,570,-126
-749,631,-167
-763,658,-176
-758,642,-152
-760,620,-126
-789,691,-126
-848,662,-100
-902,628,-81
-917,601,-96
-869,549,-85
-809,561,-71
-790,593,-84
-789,611,-80
-813,610,-76
-850,620,-60
-863,601,-68
-808,447,-118
-850,591,-136
-843,686,-69
-811,632,-64
-786,671,-98
-802,630,-96
-806,576,-79
-779,549,-78
-762,582,-92
-693,581,-82
-644,594,-98
-667,661,-108
-726,781,-115
-759,804,-131
-745,767,-214
-773,719,-113
-817,661,-103
-790,604,-9
-724,713,-16
-721,756,117
-673,651,-37
-648,688,16
-596,586,-86
-798,572,17
-839,497,14
-868,503,-7
-784,461,-58
-644,642,-86
-495,649,32
-431,651,-27
-472,605,-44
-510,670,-13
-603,851,-124
-697,825,-191
-760,836,-228
-878,835,-235
-1006,797,-107
-1064,647,-38
-948,572,-24
-883,785,-35
-767,809,-110
-678,738,-133
-682,751,-69
-684,687,-118
-683,768,-198
-664,719,-210
-700,682,-142
-693,641,-93
-729,701,-111
-737,811,-132
-729,745,-85
-770,650,-51
-711,712,-91
-618,785,1
-755,683,51
-826,657,82
-811,658,4
-840,753,-262
-804,621,-139
-807,482,59
-833,439,99
-900,467,38
-865,341,-82
-808,339,-98
-876,543,-31
-804,595,32
-699,631,-8
-933,622,11
-871,527,293
-851,487,347
-811,515,205
-809,656,208
-806,610,241
-821,590,181
-838,668,96
-904,676,0
-981,658,82
-1019,621,206
-978,556,202
-902,640,118
-823,491,100
-769,422,176
-777,477,174
-782,545,195
-784,503,203
-800,479,198
-801,482,166
-826,511,130
-833,567,126
-815,568,105
-770,570,121
-720,540,116
-716,526,105
-773,542,115
-828,546,125
-836,529,115
-812,504,142
-778,505,155
-774,489,163
-811,508,230
-852,528,263
-873,515,267
-876,529,314
-859,507,329
-880,500,338
-918,505,358
-939,492,380
-953,477,368
-946,440,370
-985,443,419
-991,453,438
-952,426,416
-908,413,398
-926,405,366
-939,420,347
-905,405,340
-820,361,272
-803,412,243
-802,459,242
-762,519,263
-695,585,273
-648,647,303
-714,697,348
-807,740,419
-821,721,459
-789,652,459
-767,595,432
-765,552,392
-803,503,410
-865,453,510
-837,373,433
-813,280,352
-771,221,310
-727,212,309
-714,233,331
-693,254,327
-684,250,315
-754,335,342
-744,399,351
-749,421,335
-770,439,344
-830,491,352
-863,514,388
-886,483,396
-900,435,415
-924,409,444
-967,373,452
-959,328,430
-967,316,434
-972,323,449
-988,319,456
-1003,268,446
-947,172,399
-906,150,374
-883,170,350
-748,170,320
-673,193,340
-622,238,380
-626,302,384
-669,316,384
-712,276,362
-759,236,326
-815,248,311
-934,379,409
-1005,491,440
-937,428,424
-1005,352,426
-987,227,382
-983,215,424
-1000,21,421
-1017,74,423
-1083,140,410
-1122,158,366
-1018,175,318
-941,238,318
-955,388,384
-910,544,382
-876,523,324
-811,443,267
-657,479,300
-557,683,279
-501,918,198
-460,1044,159
-424,1030,167
-361,930,170
-339,914,186
-352,961,263
-369,943,345
-413,917,391
-485,837,456
-512,686,506
-504,601,527
-503,520,518
-519,449,510
-557,381,466
-630,365,414
-737,414,408
-1018,517,433
-1126,626,431
-1175,642,438
-1187,693,528
-1161,596,426
-1100,422,264
-1061,335,157
-956,339,167
-814,403,164
-726,501,171
-654,523,131
-590,528,88
-588,558,112
-637,510,167
-655,428,202
-721,376,310
-786,337,399
-802,325,480
-803,341,539
-900,345,559
-963,334,608
-1091,339,602
-1131,433,635
-1207,523,586
-1105,410,408
-1035,359,236
-1130,408,200
-1292,510,138
-1287,426,72
-1084,290,14
-873,178,-16
-750,169,45
-659,236,90
-639,297,115
-698,383,130
-745,386,171
-780,337,256
-825,267,340
-881,215,379
-918,220,394
-936,297,472
-1034,414,563
-1075,510,582
-892,524,600
-684,441,430
-854,429,382
-1033,437,340
-1024,308,282
-870,288,270
-732,339,295
-686,419,291
-676,454,251
-701,446,225
-782,457,266
-857,416,320
-890,374,298
-895,306,328
-889,242,320
-877,209,327
-844,209,352
-847,298,359
-972,455,406
-865,565,409
-1049,548,376
-1280,611,443
-1380,569,494
-1180,377,451
-926,256,398
-756,285,406
-658,368,402
-583,464,403
-570,508,436
-567,594,510
-527,646,581
-465,684,588
-388,692,621
-317,816,696
-316,973,710
-266,1005,754
-263,888,894
-262,798,992
-290,701,930
-413,537,923
-453,458,905
-435,404,779
-329,397,699
-91,416,563
147,360,466
237,340,539
235,283,548
209,247,483
223,388,458
208,609,396
199,678,306
155,762,131
-40,1019,304
-624,1063,1255
-402,754,1508
71,875,1045
464,827,753
457,651,613
378,614,695
273,686,641
320,750,607
311,721,517
283,767,722
237,719,597
347,751,635
301,724,641
221,744,657
133,705,715
45,792,570
130,859,820
298,611,861
429,397,734
409,548,675
326,738,741
286,743,762
342,677,551
283,624,523
245,718,687
284,728,704
349,627,554
351,544,791
318,643,774
228,591,786
227,495,884
215,513,825
195,480,846
241,528,793
304,330,781
229,311,891
179,183,981
187,321,799
213,355,884
29,487,815
-133,538,1140
-73,619,1354
139,509,1160
175,265,1007
49,190,981
-54,171,968
-43,330,1034
99,161,1291
322,-212,872
332,-155,335
5,525,792
-303,485,1056
-66,-330,871
73,276,959
-130,158,965
-65,138,814
-89,211,1019
7,262,1110
47,248,967
-11,84,976
-10,194,948
27,179,945
-26,242,1025
-19,173,879
144,-41,849
23,228,1108
205,-85,654
23,553,1035
-632,16,1434
-36,70,1525
108,172,1040
102,-73,667
119,248,893
82,10,856
97,184,1015
168,146,1014
66,-34,361
81,311,1064
479,782,471
198,753,387
53,283,466
301,1021,378
18,1797,926
246,1143,709
411,732,317
398,940,12
234,1074,59
266,990,-73
239,969,47
182,985,206
254,949,197
289,919,249
282,917,189
303,941,183
309,836,309
399,858,177
509,725,90
343,1297,628
-171,1180,136
24,800,315
399,1044,322
144,981,258
113,853,405
151,800,417
125,833,376
142,989,269
199,998,206
312,841,400
346,604,435
51,1046,463
40,940,499
221,969,298
284,982,356
176,934,444
95,889,407
73,892,343
105,921,355
101,826,387
29,816,218
-44,793,-143
-207,443,-209
-313,951,563
-73,824,212
-443,136,127
-529,305,126
-729,632,243
-981,1006,489
-1147,1784,422
-1043,1809,-838
-1804,1018,-1063
-1849,223,-623
-1847,-306,-52
-1408,-456,279
-969,-373,357
-899,-140,395
-982,186,380
-1098,365,372
-926,541,250
-743,663,122
-736,573,33
-755,390,78
-779,245,201
-759,88,276
-760,-3,291
-848,60,301
-1009,267,334
-1216,576,462
-969,626,508
-871,441,592
-850,503,491
-855,416,432
-836,286,386
-811,259,362
-870,275,334
-971,293,278
-1084,340,269
-1154,426,297
-1248,492,365
-1180,453,319
-933,419,214
-890,378,119
-950,370,158
-1057,461,267
-1063,430,277
-953,316,223
-807,198,208
-721,176,230
-672,218,232
-654,271,214
-702,353,220
-704,409,217
-736,441,232
-769,419,283
-857,390,338
-923,384,377
-1022,384,386
-1119,397,412
-1037,381,381
-965,455,441
-1124,582,602
-1192,411,510
-1205,114,295
-1074,4,238
-854,45,254
-649,217,260
-526,310,208
-462,339,223
-436,358,265
-543,335,263
-658,295,243
-768,261,292
-790,218,348
-762,215,360
-785,259,388
-938,353,406
-1199,451,501
-1161,423,519
-1289,426,514
-1334,651,578
-1157,626,483
-999,479,340
-1092,499,301
-1184,479,315
-1147,377,296
-992,281,253
-829,207,175
-740,196,107
-679,229,70
-700,281,82
-697,287,87
-679,289,105
-664,294,129
-664,316,184
-767,340,268
-900,351,302
-1111,416,389
-1225,419,480
-1157,379,614
-1007,335,633
-999,267,484
-1097,175,353
-995,167,319
-861,263,353
-687,353,368
-574,385,304
-570,403,245
-671,405,255
-781,345,285
-834,292,307
-801,261,342
-791,262,374
-801,296,383
-834,333,377
-932,349,366
-1042,349,342
-1134,406,340
-1059,479,314
-984,493,160
-1171,575,121
-1293,623,200
-1365,551,154
-1160,392,101
-986,332,94
-849,320,94
-783,337,108
-767,327,95
-754,345,69
-748,375,90
-752,397,121
-805,445,155
-926,491,189
-943,485,235
-894,497,299
-823,571,407
-696,607,532
-676,566,496
-947,473,419
-1214,274,531
-1282,199,706
-1198,299,743
-923,480,776
-732,791,783
-637,953,714
-586,807,734
-468,636,628
-331,582,608
-220,413,626
-140,407,575
-129,507,474
-141,417,380
-201,290,331
-444,529,348
-764,669,357
-718,888,270
-731,650,559
-413,722,935
25,902,1280
-142,811,632
-417,479,924
-46,546,845
-1018,80,1513
202,1048,694
304,60,1154
-273,530,1322
-34,772,1024
882,-700,217
156,490,958
-131,1606,1870
753,173,1057
1032,-699,77
-687,349,311
-319,390,473
-292,93,478
61,20,696
515,405,1396
824,253,1391
640,-71,1148
334,232,1217
181,10,891
105,160,610
139,546,396
364,705,585
546,523,843
644,368,1006
680,332,1204
526,325,1008
215,389,796
358,479,567
305,519,814
-6,689,646
-9,548,693
-46,355,797
221,545,1130
376,543,914
418,334,814
388,428,812
434,348,911
431,233,912
461,250,896
473,221,847
373,52,969
403,-50,950
458,11,836
497,113,843
388,124,1156
254,-8,1073
217,62,867
176,12,832
233,-10,789
308,161,679
283,399,932
416,524,1195
301,186,853
155,235,831
268,447,959
295,399,963
274,429,903
302,437,859
317,413,843
286,441,848
283,470,894
330,450,835
355,440,764
343,490,832
338,521,828
365,479,777
396,538,882
393,494,858
394,522,798
370,486,795
365,425,784
346,452,736
351,510,731
324,534,762
328,497,497
261,555,723
222,618,981
310,509,773
290,469,899
286,671,808
265,696,640
311,592,843
342,531,766
242,652,723
159,622,815
294,535,811
393,612,606
219,772,696
159,526,833
291,666,762
321,600,729
164,573,853
258,468,866
343,601,695
21,608,923
21,480,836
245,498,804
236,461,839
162,472,875
193,501,855
169,483,862
195,524,808
154,520,794
152,519,799
165,500,812
157,498,832
88,534,894
-25,610,846
-287,443,564
-601,387,606
-566,184,466
-549,483,597
-487,224,614
-515,172,608
-442,110,435
-583,27,236
-811,-10,129
-1259,246,41
-1857,649,319
-1866,1292,792
-780,1047,573
-1222,101,278
-1102,-36,113
-917,118,54
-914,501,120
-880,687,161
-833,633,206
-800,558,152
-871,526,146
-975,485,156
-1030,472,212
-1007,449,262
-1034,380,277
-966,342,268
-872,318,250
-866,337,237
-878,337,225
-907,353,181
-900,400,158
-891,454,177
-907,479,202
-901,466,234
-885,436,243
-869,427,251
-844,440,267
-832,447,298
-862,442,329
-931,433,367
-990,414,378
-1119,422,388
-1060,414,408
-931,409,429
-890,368,475
-878,159,380
-1011,43,324
-1041,52,358
-930,58,316
-777,86,309
-663,79,331
-608,52,325
-636,-3,299
-772,0,289
-842,60,337
-815,156,367
-841,316,413
-825,407,410
-873,418,413
-1160,446,411
-1454,434,398
-1483,498,430
-1171,467,477
-903,332,437
-962,384,336
-1121,416,343
-1104,410,336
-944,314,271
-762,245,246
-660,238,257
-629,273,249
-612,294,220
-627,294,217
-692,275,228
-734,242,244
-768,216,267
-824,217,297
-889,245,305
-954,351,376
-1113,484,445
-1216,508,498
-1137,485,612
-1014,441,597
-1101,305,354
-1133,116,252
-942,115,254
-759,203,279
-606,296,319
-535,315,297
-541,312,224
-582,350,222
-642,326,278
-663,256,376
-662,209,467
-700,217,456
-925,244,493
-1182,352,486
-1353,345,390
-1303,421,382
-1264,582,430
-1150,524,377
-1195,488,303
-1187,529,311
-1125,463,253
-947,356,206
-751,294,175
-637,254,168
-582,262,166
-583,278,160
-615,285,140
-681,297,153
-782,294,196
-841,259,236
-914,240,248
-1048,254,294
-1138,341,384
-1140,385,466
-1144,354,517
-940,334,631
-928,292,584
-1045,198,418
-952,126,316
-808,154,291
-698,233,278
-610,305,278
-597,322,272
-642,325,278
-698,376,258
-742,373,268
-761,318,325
-757,296,357
-743,267,365
-838,306,383
-1136,391,490
-1153,321,463
-1072,281,352
-1027,428,364
-1049,605,360
-1088,711,385
-1008,713,301
-1150,609,203
-1201,416,136
-1065,298,97
-950,264,90
-879,282,76
-813,325,56
-852,358,54
-923,383,18
-934,384,6
-964,382,48
-953,319,75
-921,300,78
-855,301,130
-793,330,184
-827,367,216
-1003,508,315
-912,524,415
-621,712,292
-752,1077,785
-851,1292,756
-795,1148,549
-881,918,754
-702,713,492
-357,927,190
-308,1184,46
-375,986,-39
-416,562,41
-325,413,-29
-216,467,-74
-30,688,-73
198,875,27
414,1024,-26
357,1262,-128
476,1488,-254
451,1131,-131
380,694,25
324,287,-53
299,93,-101
320,64,42
363,346,182
402,695,214
478,903,134
452,1095,338
486,1152,527
453,901,644
426,898,761
378,1069,868
230,1061,891
65,885,785
-70,591,794
-183,539,987
-127,544,1001
-113,421,860
-101,453,741
-73,602,669
-62,607,709
-246,609,772
-311,376,605
-194,292,611
-336,363,537
-440,237,526
-379,202,557
-560,165,557
-555,72,658
-839,220,703
-1081,135,451
-1461,1775,1714
-857,-155,940
-448,500,751
-558,1126,1402
-637,921,1535
-984,399,1076
-999,1804,-288
-981,1800,220
-425,1300,44
199,614,152
244,243,104
218,128,83
175,264,47
171,143,23
231,145,3
147,398,107
145,414,117
197,446,-118
10,963,110
160,877,447
130,1158,400
-424,1797,730
-777,1573,817
-880,1304,724
-839,1145,557
-562,1003,465
-421,1020,319
-459,849,451
-336,663,415
-178,485,288
-78,660,86
-16,693,231
-35,670,269
-82,648,469
-89,679,504
-182,922,701
-294,1051,441
-165,966,269
-342,1382,57
-648,1787,254
-580,1701,69
-204,1168,-311
-248,1371,-302
-174,1191,-252
-192,781,-101
-169,642,104
-120,420,147
-110,357,202
-136,424,220
-138,612,102
-126,796,99
-132,865,190
-120,996,279
-127,1095,258
-214,1144,298
-307,1163,324
-382,1283,331
-439,1244,348
-562,1483,64
-720,1298,-2
-518,822,92
-307,767,93
-180,778,78
-98,686,57
-56,574,97
-66,626,102
-87,619,76
-122,750,49
-151,751,86
-172,752,137
-165,649,30
-318,733,-133
-588,1313,-264
-683,1657,-138
-623,1542,-69
-675,1418,22
-631,1267,16
-528,1113,120
-466,934,111
-481,834,147
-484,850,183
-517,810,194
-482,719,217
-419,770,210
-416,749,337
-380,615,288
-410,550,221
-480,564,186
-521,439,80
-435,240,237
-821,222,257
-1218,522,168
-1305,192,-6
-1299,432,-169
-1809,915,1125
-1596,668,1240
-1081,645,624
-697,586,285
-492,632,301
-510,490,744
-661,395,1096
-696,481,1036
-670,410,846
-756,358,889
-914,459,1007
-841,168,1161
-579,158,766
-463,400,431
-217,517,95
-163,561,-40
-234,862,-109
-352,987,-302
-1638,1795,575
-1120,1027,504
-557,702,13
-712,994,180
-881,674,391
-950,300,442
-919,428,546
-847,547,458
-692,571,330
-681,733,362
-522,622,253
-389,797,318
-310,1026,359
-253,1184,444
-240,1106,451
-332,973,447
-363,902,267
-361,916,139
-388,887,108
-460,940,130
-461,950,122
-356,920,84
-360,962,72
-362,927,85
-454,903,224
-478,838,202
-587,799,284
-583,709,287
-637,907,289
-706,842,382
-676,778,423
-576,852,272
-454,734,196
-545,827,266
-614,773,312
-673,698,340
-781,640,416
-849,455,490
-899,336,474
-872,707,251
-875,1067,558
-703,776,737
-277,764,653
46,795,604
238,838,372
88,736,179
-209,595,161
-561,923,173
-821,652,-301
-1041,1430,-309
-824,758,-166
-919,822,41
-697,964,386
-539,937,706
-320,915,811
-331,746,661
-409,683,688
-577,777,653
-574,703,423
-551,753,383
-501,783,375
-524,749,374
-502,782,380
-513,812,308
-474,788,257
-455,934,257
-481,875,363
-491,698,486
-374,602,594
-363,736,569
-409,831,388
-353,857,198
-411,982,164
-422,851,271
-419,892,433
-377,993,381
-518,900,447
-487,587,417
-415,758,305
-414,697,421
-347,988,446
-324,883,406
-401,660,597
-357,641,523
-262,826,367
-501,968,643
-463,668,618
-407,812,554
-508,718,547
-690,590,738
-697,588,653
-595,464,644
-673,574,784
-586,594,646
-532,512,486
-541,566,555
-561,600,540
-550,600,539
-478,642,459
-468,756,558
-513,646,636
-508,642,604
-557,584,545
-608,647,526
-659,633,502
-737,626,403
-728,652,353
-643,646,414
-646,600,427
-663,629,300
-737,598,379
-722,629,626
-667,678,817
-417,821,1106
-355,900,1170
-272,831,1083
-145,600,1142
178,711,811
199,682,516
140,621,179
-529,652,17
-1229,860,-98
-1371,641,-230
-1283,916,-76
-1102,488,578
-1200,576,1396
-849,126,1175
-625,344,748
-470,282,591
-450,425,569
-326,546,286
-207,764,66
-95,1150,-91
-146,939,-324
4,1807,-220
-287,1357,243
-483,543,557
-625,800,456
-567,847,286
-527,729,318
-554,722,562
-693,731,692
-710,665,523
-737,662,338
-727,600,266
-893,425,463
-852,349,650
-828,457,755
-736,445,617
-693,608,542
-693,507,555
-698,450,715
-703,446,768
-604,333,752
-458,208,810
-329,156,974
-245,554,961
-307,665,929
-378,651,652
-573,876,331
-861,984,102
-922,1113,-366
-1029,828,-431
-884,877,-283
-897,949,38
-827,601,336
-671,691,344
-747,737,575
-838,463,764
-972,611,1015
-958,594,1017
-648,665,641
-344,353,862
-172,-5,638
-172,563,207
-194,941,-354
-1040,1801,-16
-984,1491,68
-552,603,-190
-378,725,-462
-618,851,404
-602,494,513
-528,765,136
-570,1061,9
-476,1118,-155
-349,1210,-239
-272,1030,-388
-225,938,-500
-199,845,-334
-117,774,-214
-1,898,-235
15,869,-174
-106,925,-146
-276,1099,-70
-371,1057,-143
-523,1085,-60
-494,1013,-75
-473,854,26
-436,984,67
-268,852,-49
-155,850,-117
-125,1003,-80
-107,1031,-106
-66,1047,-195
-38,949,-223
72,838,-94
2,679,-107
41,683,-47
82,598,91
90,648,150
84,804,70
90,876,-110
36,995,-219
-51,1265,-209
-161,1416,-386
-154,1026,-372
-181,831,4
-107,1198,-126
-31,1451,-388
-84,1339,-257
-111,900,-83
-99,843,-41
-34,866,-57
35,803,-60
54,779,-55
29,823,-27
4,831,-24
-18,891,-121
-86,997,-136
-134,994,-99
-151,1124,-95
-255,1235,-131
-321,1290,-85
-356,1356,-104
-447,1208,-57
-547,1111,9
-567,1014,95
-443,833,102
-231,698,130
-131,649,148
-55,668,98
-11,711,58
-50,854,173
5,928,189
64,900,307
33,863,386
64,953,293
-79,1037,516
-166,1067,597
-134,1125,643
-75,1206,515
19,1070,377
34,1166,344
66,1248,373
7,1210,364
-48,1065,378
32,909,364
137,747,372
166,612,443
175,624,440
86,525,524
34,319,599
195,399,470
-111,254,821
-288,433,976
-418,-223,227
-802,1799,436
-421,1674,437
87,1038,280
112,433,511
80,107,794
-57,-50,1121
-261,314,821
-640,621,971
-876,953,738
-703,1472,730
-470,1064,581
-244,586,705
-70,386,751
43,438,589
116,387,531
65,704,574
-12,712,569
-129,625,609
-298,554,503
-530,638,772
-739,670,873
-612,595,684
-584,341,442
-728,1085,892
-356,535,735
-301,476,610
-477,595,611
-498,714,747
-545,603,858
-711,728,798
-755,760,375
-849,737,413
-788,557,732
-672,293,640
-531,207,659
-382,378,691
-475,613,739
-590,604,860
-612,897,729
-475,709,760
-448,407,716
-399,270,583
-388,257,454
-478,225,344
-599,235,182
-801,134,-56
-1212,179,-341
-1810,582,-524
-1853,1135,-563
-1825,1198,-388
-1190,766,-122
-1216,657,70
-1034,649,-100
-948,627,-254
-929,587,-202
-837,363,22
-740,211,209
-682,244,190
-732,329,266
-828,426,407
-848,568,544
-849,673,682
-795,629,706
-785,538,685
-841,457,632
-858,418,543
-900,402,553
-891,334,510
-903,273,510
